1 0.309992 0.504630 0.344907 0.907986
0 0.323978 0.335503 0.028356 0.047743
0 0.260320 0.276765 0.028356 0.047743
0 0.332079 0.210503 0.028356 0.047743
0 0.266493 0.383247 0.028356 0.047743
0 0.209587 0.302517 0.028356 0.047743
0 0.426601 0.255642 0.028356 0.047743
0 0.367188 0.161892 0.028356 0.047743
0 0.268229 0.126302 0.028356 0.047743
0 0.212095 0.167969 0.028356 0.047743
0 0.580343 0.162471 0.028356 0.047743
0 0.563368 0.281684 0.028356 0.047743
0 0.432002 0.129196 0.028356 0.047743
0 0.371046 0.335793 0.026427 0.038484
0 0.429688 0.383825 0.025656 0.035590
0 0.331597 0.427373 0.023534 0.035301
0 0.222608 0.418113 0.025849 0.038194
0 0.206211 0.513744 0.020833 0.033854
0 0.269869 0.512587 0.027392 0.037326
0 0.328125 0.569300 0.027392 0.040799
0 0.372975 0.485677 0.029900 0.041377
0 0.428530 0.507378 0.024498 0.040799
0 0.696470 0.283854 0.036458 0.043981
0 0.700714 0.444734 0.039159 0.046875
0 0.685378 0.517506 0.038194 0.043692
0 0.683063 0.690538 0.037423 0.040799
0 0.670525 0.797454 0.037037 0.038773
0 0.667438 0.898872 0.037037 0.032118
0 0.823110 0.827836 0.026620 0.034144
0 0.585841 0.869358 0.032022 0.037905
0 0.249132 0.856047 0.032600 0.040220
0 0.375482 0.813079 0.029128 0.041667
0 0.432099 0.756221 0.027778 0.039641
1 0.698688 0.505208 0.363040 0.912037
0 0.569444 0.554253 0.027006 0.039641
