0 0.429861 0.449167 0.011485 0.011667
0 0.463905 0.462917 0.009024 0.010833
0 0.486874 0.451667 0.012305 0.013333
0 0.417966 0.471667 0.012305 0.013333
0 0.462264 0.494167 0.010664 0.010000
0 0.430271 0.674167 0.010664 0.010000
0 0.408942 0.651667 0.009024 0.010000
0 0.451600 0.655000 0.010664 0.011667
0 0.406891 0.695417 0.009844 0.009167
0 0.428220 0.654167 0.011485 0.010000
0 0.410582 0.667083 0.007383 0.007500
0 0.768663 0.817917 0.006563 0.005833
0 0.707137 0.756667 0.004922 0.005000
0 0.728466 0.755000 0.006563 0.006667
0 0.742002 0.736250 0.007383 0.007500
0 0.752256 0.719583 0.006563 0.005833
1 0.455701 0.487083 0.105824 0.105833
1 0.561936 0.487500 0.103363 0.106667
