0 0.492457 0.437141 0.025862 0.029454
0 0.552263 0.584411 0.025862 0.029454
0 0.496767 0.597342 0.025862 0.029454
0 0.663254 0.501796 0.025862 0.029454
0 0.610453 0.513290 0.025862 0.029454
0 0.550108 0.527658 0.025862 0.029454
0 0.491918 0.539871 0.025862 0.029454
0 0.665948 0.444325 0.025862 0.029454
0 0.613685 0.456537 0.025862 0.029454
0 0.553341 0.469468 0.025862 0.029454
0 0.678879 0.397629 0.025862 0.029454
0 0.619612 0.408405 0.025862 0.029454
0 0.557112 0.426365 0.025862 0.029454
0 0.493534 0.480963 0.025862 0.029454
0 0.493804 0.725575 0.027478 0.033046
0 0.661907 0.623204 0.025323 0.033764
0 0.609914 0.635057 0.026940 0.031609
0 0.668373 0.561422 0.021013 0.028017
0 0.613955 0.571121 0.022091 0.025862
0 0.492726 0.664152 0.025323 0.033764
0 0.549030 0.649066 0.025862 0.029454
0 0.664601 0.681394 0.026401 0.033764
0 0.613147 0.693966 0.026940 0.031609
0 0.551724 0.709770 0.026940 0.031609
1 0.491649 0.520833 0.581358 0.681034
