1 0.490625 0.490619 0.693750 0.902439
2 0.303750 0.496248 0.022500 0.035647
2 0.273125 0.499062 0.023750 0.033771
2 0.276875 0.545028 0.023750 0.031895
2 0.340625 0.575047 0.023750 0.031895
0 0.325000 0.539400 0.022500 0.031895
2 0.331875 0.613508 0.023750 0.033771
2 0.327500 0.682927 0.025000 0.033771
2 0.341250 0.650094 0.022500 0.035647
0 0.368125 0.667917 0.031250 0.048780
2 0.340000 0.714822 0.022500 0.030019
2 0.379375 0.800188 0.021250 0.031895
2 0.497500 0.796435 0.022500 0.031895
2 0.662500 0.655722 0.022500 0.035647
0 0.491875 0.531895 0.021250 0.035647
0 0.547500 0.512195 0.020000 0.030019
0 0.605625 0.318949 0.041250 0.056285
