1 0.444667 0.486000 0.849333 0.636000
0 0.488667 0.353000 0.030667 0.038000
0 0.552000 0.349667 0.026667 0.036667
0 0.620667 0.350000 0.022667 0.032000
0 0.681667 0.348000 0.023333 0.030667
0 0.482333 0.398667 0.027333 0.030667
0 0.543333 0.398667 0.026667 0.029333
0 0.604667 0.398667 0.025333 0.032000
0 0.666333 0.399000 0.027333 0.032667
0 0.484000 0.468000 0.030667 0.032000
0 0.546667 0.466667 0.029333 0.029333
0 0.604000 0.466000 0.026667 0.032000
0 0.665333 0.465667 0.026667 0.030000
0 0.484333 0.537000 0.027333 0.032667
0 0.544667 0.535000 0.028000 0.034000
0 0.606333 0.536000 0.031333 0.033333
0 0.666667 0.536000 0.028000 0.033333
0 0.483667 0.607000 0.030000 0.034000
0 0.546000 0.605667 0.029333 0.034000
0 0.605667 0.602000 0.027333 0.033333
0 0.665333 0.602667 0.026667 0.034667
0 0.477667 0.676667 0.031333 0.032000
0 0.539000 0.673000 0.026000 0.032667
0 0.601333 0.672667 0.026667 0.036000
0 0.661667 0.669333 0.027333 0.034667
