1 0.507378 0.525752 0.286024 0.659144
1 0.228190 0.508681 0.257595 0.618634
1 0.830512 0.533854 0.335503 0.690394
1 0.576172 0.073351 0.580729 0.146123
2 0.486871 0.287760 0.024957 0.030382
2 0.418403 0.278212 0.025174 0.032697
0 0.492622 0.354167 0.024306 0.028935
0 0.435981 0.379196 0.020833 0.024016
0 0.565321 0.314091 0.020833 0.026910
2 0.603082 0.261574 0.022569 0.030093
2 0.627496 0.322917 0.022352 0.028356
2 0.612630 0.410301 0.023003 0.028356
0 0.568468 0.397280 0.023655 0.029514
0 0.521050 0.404948 0.020833 0.025752
0 0.418403 0.484664 0.019531 0.025463
0 0.476020 0.475260 0.017578 0.023438
0 0.524740 0.482060 0.020833 0.024884
0 0.577582 0.478299 0.020182 0.020255
2 0.527018 0.548900 0.019748 0.024306
2 0.425673 0.550347 0.017144 0.020833
0 0.479818 0.531539 0.019531 0.026042
0 0.623372 0.550637 0.019748 0.020833
0 0.427734 0.601418 0.019097 0.022859
0 0.482205 0.622106 0.018229 0.023727
0 0.530273 0.768229 0.021484 0.025463
0 0.594184 0.774450 0.020399 0.023438
0 0.214627 0.240596 0.034288 0.037326
0 0.136393 0.269821 0.023220 0.025752
0 0.176649 0.331163 0.022135 0.033854
0 0.210178 0.387153 0.018880 0.025463
0 0.141602 0.403212 0.020182 0.025752
0 0.188260 0.449653 0.019314 0.026042
0 0.153320 0.455874 0.020616 0.025752
0 0.157010 0.507523 0.016710 0.021412
0 0.237305 0.496238 0.029297 0.024884
0 0.193251 0.570891 0.019748 0.025463
0 0.151693 0.625289 0.018663 0.022569
0 0.207682 0.622830 0.019097 0.025752
0 0.195095 0.686053 0.022135 0.028935
0 0.168511 0.754485 0.019748 0.023438
0 0.208876 0.752604 0.021484 0.027778
0 0.248481 0.764178 0.026042 0.020255
0 0.238390 0.671875 0.027561 0.024884
0 0.300456 0.752604 0.018880 0.023148
0 0.285048 0.690538 0.019314 0.024595
0 0.251628 0.592737 0.021484 0.024595
0 0.287652 0.570023 0.023655 0.027778
0 0.295030 0.619936 0.018446 0.021123
0 0.343859 0.654514 0.018446 0.029514
0 0.278971 0.456453 0.021484 0.026331
0 0.293728 0.387008 0.022352 0.030961
0 0.338325 0.418113 0.017361 0.030093
0 0.340712 0.523438 0.017361 0.024306
0 0.267361 0.327112 0.023872 0.028067
0 0.331814 0.299334 0.019097 0.032118
0 0.740668 0.645544 0.028646 0.035880
0 0.710178 0.701100 0.027127 0.032407
0 0.695312 0.540075 0.024306 0.032697
0 0.751302 0.505498 0.029514 0.033565
0 0.754883 0.424334 0.028863 0.035590
0 0.728190 0.340133 0.025825 0.032118
0 0.777995 0.320602 0.027344 0.038773
0 0.842231 0.395689 0.026910 0.030382
0 0.888997 0.454138 0.027995 0.030961
0 0.904839 0.345775 0.026259 0.032407
0 0.963759 0.287905 0.028212 0.035301
0 0.797092 0.793692 0.027344 0.027778
0 0.868056 0.687500 0.030382 0.029514
0 0.865451 0.613715 0.026476 0.024884
0 0.811198 0.678675 0.023872 0.022280
0 0.372070 0.075666 0.015408 0.023438
0 0.344944 0.012153 0.018446 0.023148
0 0.458008 0.064525 0.015842 0.024884
0 0.511176 0.095052 0.015408 0.022280
0 0.652452 0.084780 0.016710 0.023727
0 0.570964 0.009838 0.016059 0.019097
0 0.642144 0.010127 0.015191 0.019676
0 0.769748 0.072772 0.016059 0.025174
0 0.792752 0.563947 0.023872 0.030093
0 0.840386 0.485388 0.029731 0.032697
0 0.703993 0.436053 0.026910 0.031829
0 0.743707 0.752604 0.022135 0.027199
0 0.853516 0.776476 0.024740 0.022859
0 0.927626 0.692419 0.028863 0.032986
0 0.940864 0.622975 0.029731 0.032407
0 0.943359 0.540509 0.026476 0.027199
0 0.929905 0.483218 0.026042 0.028356
0 0.960612 0.411314 0.030165 0.036748
0 0.465712 0.751013 0.020399 0.025752
0 0.407227 0.769965 0.017578 0.019676
0 0.422635 0.666956 0.019748 0.023148
0 0.571723 0.615885 0.018012 0.020544
0 0.479926 0.684606 0.021484 0.021412
0 0.534071 0.684606 0.016493 0.022569
0 0.522135 0.614728 0.022135 0.024595
0 0.602648 0.687645 0.020399 0.027488
0 0.683160 0.825810 0.022569 0.028356
0 0.896376 0.821181 0.026693 0.030671
