0 0.056437 0.087849 0.058769 0.096880
0 0.162780 0.335796 0.058769 0.096880
0 0.047108 0.472085 0.058769 0.096880
0 0.256063 0.500000 0.058769 0.096880
0 0.741138 0.137110 0.058769 0.096880
0 0.494869 0.074713 0.058769 0.096880
0 0.307369 0.081281 0.058769 0.096880
0 0.084888 0.266010 0.027985 0.055829
0 0.193097 0.137931 0.022388 0.045977
0 0.146455 0.500821 0.020522 0.039409
0 0.272854 0.654351 0.023321 0.037767
0 0.354944 0.602627 0.049440 0.088670
0 0.362873 0.449918 0.031716 0.059113
0 0.497201 0.471264 0.042910 0.085386
0 0.402985 0.334975 0.048507 0.082102
0 0.284981 0.279967 0.058769 0.096880
0 0.687034 0.366174 0.019590 0.039409
0 0.582090 0.308703 0.046642 0.082102
0 0.871269 0.419540 0.044776 0.080460
0 0.767257 0.696223 0.045709 0.088670
0 0.180037 0.670772 0.046642 0.080460
0 0.956623 0.945813 0.045709 0.088670
0 0.650653 0.505747 0.045709 0.088670
0 0.833489 0.837438 0.045709 0.088670
0 0.611474 0.701149 0.045709 0.088670
1 0.501399 0.501642 0.991604 0.983580
0 0.080690 0.704433 0.025187 0.039409
0 0.069963 0.891626 0.054104 0.088670
0 0.197295 0.867816 0.049440 0.083744
0 0.133862 0.797209 0.027052 0.044335
0 0.308769 0.817734 0.052239 0.082102
0 0.391791 0.713465 0.020522 0.041051
0 0.469216 0.715107 0.044776 0.073892
0 0.443097 0.553366 0.029851 0.059113
0 0.300373 0.385878 0.026119 0.052545
0 0.416511 0.165025 0.025187 0.047619
0 0.446362 0.405583 0.019590 0.039409
0 0.616138 0.151888 0.019590 0.037767
0 0.678638 0.229064 0.023321 0.041051
0 0.511660 0.629721 0.021455 0.041051
0 0.405784 0.873563 0.027985 0.045977
0 0.479944 0.902299 0.045709 0.073892
0 0.549907 0.785714 0.028918 0.041051
0 0.573228 0.895731 0.021455 0.041051
0 0.652985 0.887521 0.050373 0.080460
0 0.691698 0.764368 0.036381 0.060755
0 0.704291 0.609195 0.022388 0.039409
0 0.570429 0.483580 0.021455 0.041051
0 0.623601 0.407225 0.023321 0.036125
0 0.775187 0.425287 0.050373 0.085386
0 0.733675 0.526273 0.019590 0.034483
0 0.824627 0.594417 0.033582 0.059113
0 0.750933 0.882594 0.022388 0.050903
0 0.888993 0.673235 0.048507 0.082102
0 0.862873 0.142036 0.046642 0.083744
0 0.793843 0.263547 0.029851 0.054187
0 0.923041 0.802135 0.017724 0.037767
0 0.959888 0.704433 0.027985 0.039409
0 0.968284 0.519704 0.050373 0.090312
0 0.896455 0.535304 0.033582 0.059113
0 0.952425 0.395731 0.035448 0.065681
0 0.964552 0.144499 0.048507 0.091954
0 0.561101 0.586207 0.028918 0.059113
