1 0.526852 0.462963 0.557407 0.555556
0 0.464815 0.400000 0.029630 0.033333
0 0.551852 0.402778 0.025926 0.031481
0 0.712037 0.405556 0.027778 0.029630
0 0.636111 0.404630 0.020370 0.024074
0 0.499074 0.447222 0.024074 0.024074
0 0.557407 0.447222 0.022222 0.024074
0 0.610185 0.446296 0.020370 0.022222
0 0.662037 0.447222 0.020370 0.020370
0 0.499074 0.494444 0.020370 0.022222
0 0.555556 0.494444 0.022222 0.022222
0 0.608333 0.493519 0.020370 0.020370
0 0.662037 0.493519 0.020370 0.020370
0 0.497222 0.543519 0.020370 0.020370
0 0.550926 0.590741 0.024074 0.022222
0 0.495370 0.590741 0.024074 0.022222
0 0.554630 0.543519 0.020370 0.024074
0 0.607407 0.541667 0.018519 0.020370
0 0.662037 0.540741 0.020370 0.022222
0 0.606481 0.588889 0.020370 0.022222
0 0.660185 0.587963 0.020370 0.020370
