0 0.371296 0.593750 0.057407 0.111842
0 0.351852 0.531250 0.014815 0.026316
0 0.371296 0.519737 0.014815 0.029605
0 0.373148 0.492599 0.016667 0.024671
0 0.349537 0.481086 0.010185 0.018092
0 0.360648 0.468750 0.015741 0.026316
0 0.357870 0.436678 0.017593 0.031250
0 0.373148 0.410362 0.016667 0.021382
0 0.399074 0.510691 0.020370 0.037829
0 0.419444 0.522204 0.016667 0.031250
0 0.415278 0.486842 0.013889 0.026316
0 0.429630 0.461349 0.024074 0.044408
0 0.396759 0.429276 0.012037 0.023026
0 0.411111 0.442434 0.014815 0.026316
0 0.425463 0.428454 0.012037 0.018092
0 0.412963 0.375000 0.012963 0.023026
0 0.435648 0.417763 0.013889 0.023026
0 0.415741 0.581414 0.029630 0.060855
0 0.350926 0.675164 0.025926 0.047697
0 0.350463 0.724507 0.017593 0.024671
0 0.383333 0.667763 0.022222 0.036184
0 0.415278 0.667763 0.017593 0.026316
0 0.441204 0.685033 0.021296 0.037829
0 0.412500 0.711349 0.034259 0.054276
0 0.475000 0.520559 0.022222 0.044408
0 0.462037 0.441612 0.009259 0.018092
0 0.466204 0.411184 0.010185 0.016447
0 0.461574 0.366776 0.008333 0.016447
0 0.462963 0.333059 0.014815 0.024671
0 0.444907 0.346217 0.015741 0.024671
0 0.481481 0.412007 0.012963 0.021382
0 0.490741 0.459704 0.012963 0.021382
0 0.514815 0.457237 0.016667 0.032895
0 0.553704 0.457237 0.012963 0.026316
0 0.447685 0.589638 0.017593 0.034539
0 0.471296 0.594572 0.011111 0.018092
0 0.436111 0.631579 0.020370 0.032895
0 0.469907 0.675164 0.013889 0.021382
0 0.516204 0.663651 0.017593 0.041118
0 0.493981 0.701480 0.017593 0.034539
0 0.561574 0.597039 0.013889 0.029605
0 0.505093 0.554276 0.012037 0.023026
0 0.568981 0.503289 0.010185 0.019737
0 0.509722 0.522204 0.008333 0.018092
0 0.506944 0.490132 0.013889 0.023026
0 0.481481 0.637336 0.016667 0.027961
0 0.459722 0.641447 0.017593 0.032895
0 0.523611 0.706414 0.013889 0.027961
0 0.608333 0.663651 0.011111 0.024671
0 0.579167 0.703125 0.017593 0.034539
0 0.558333 0.709704 0.012963 0.027961
0 0.595833 0.707237 0.013889 0.029605
0 0.498148 0.594572 0.014815 0.027961
0 0.531019 0.624178 0.017593 0.034539
0 0.531944 0.585526 0.013889 0.029605
0 0.517130 0.567434 0.012037 0.023026
0 0.543519 0.560855 0.014815 0.026316
0 0.551852 0.514803 0.007407 0.016447
0 0.587037 0.500000 0.009259 0.023026
0 0.628704 0.462993 0.011111 0.024671
0 0.587963 0.454770 0.011111 0.021382
0 0.611574 0.490954 0.008333 0.021382
0 0.600000 0.535362 0.009259 0.021382
0 0.584722 0.523849 0.008333 0.014803
0 0.613426 0.526316 0.008333 0.019737
0 0.613889 0.554276 0.012963 0.026316
0 0.585648 0.555099 0.006481 0.018092
0 0.596759 0.572368 0.012037 0.029605
0 0.576852 0.582237 0.011111 0.023026
0 0.611111 0.602796 0.012963 0.027961
0 0.550000 0.638158 0.012963 0.029605
0 0.508796 0.381579 0.012037 0.026316
1 0.459259 0.503289 0.522222 0.657895
