0 0.419444 0.374552 0.050000 0.032258
0 0.588889 0.376344 0.055556 0.035842
1 0.500000 0.514337 0.588889 0.799283
0 0.397222 0.451613 0.061111 0.035842
0 0.302778 0.523297 0.061111 0.035842
0 0.316667 0.405018 0.033333 0.021505
0 0.336111 0.379928 0.038889 0.021505
0 0.286111 0.370968 0.038889 0.025090
0 0.272222 0.396057 0.044444 0.025090
0 0.269444 0.426523 0.038889 0.021505
0 0.486111 0.505376 0.050000 0.035842
0 0.530556 0.274194 0.050000 0.032258
0 0.683333 0.460573 0.044444 0.032258
0 0.638889 0.437276 0.033333 0.014337
0 0.533333 0.431900 0.033333 0.025090
0 0.530556 0.363799 0.038889 0.025090
0 0.608333 0.327957 0.038889 0.025090
0 0.447222 0.306452 0.038889 0.025090
