0 0.5828125 0.39921875 0.065625 0.0765625
0 0.49609375 0.4765625 0.0796875 0.06875
0 0.43203125 0.58515625 0.0703125 0.0640625
0 0.4453125 0.53125 0.075 0.0578125
0 0.3640625 0.625 0.0640625 0.084375
0 0.31484375 0.65 0.05625 0.0734375
0 0.20390625 0.71171875 0.08125 0.0609375
0 0.25546875 0.64296875 0.0765625 0.0453125
0 0.29375 0.6125 0.0609375 0.046875
0 0.30078125 0.528125 0.065625 0.05625
0 0.3421875 0.48671875 0.0515625 0.0609375
0 0.38515625 0.47421875 0.0609375 0.0703125
0 0.53984375 0.3375 0.0546875 0.075
0 0.51015625 0.3125 0.05625 0.090625
0 0.478125 0.28515625 0.053125 0.084375
0 0.43828125 0.0109375 0.0796875 0.021875
0 0.43515625 0.13125 0.05 0.065625
0 0.27109375 0.15625 0.053125 0.071875
0 0.1609375 0.07265625 0.1046875 0.1125
0 0.30078125 0.32265625 0.059375 0.0828125
0 0.425 0.26796875 0.0625 0.0734375
0 0.44296875 0.3796875 0.05625 0.0578125
0 0.50703125 0.42890625 0.0640625 0.04375
0 0.3828125 0.3171875 0.0609375 0.0609375