0 0.3875 0.43359375 0.06953125 0.05546875
0 0.47734375 0.5078125 0.0578125 0.07265625
0 0.59453125 0.55390625 0.0546875 0.0625
0 0.5390625 0.54921875 0.04765625 0.06953125
0 0.64453125 0.61484375 0.0765625 0.05390625
0 0.67734375 0.659375 0.0671875 0.04609375
0 0.75546875 0.759375 0.05 0.07421875
0 0.6796875 0.71875 0.03515625 0.07265625
0 0.64296875 0.6859375 0.0390625 0.05625
0 0.55859375 0.6921875 0.04609375 0.06015625
0 0.51171875 0.6578125 0.0546875 0.04453125
0 0.4921875 0.6171875 0.06328125 0.0515625
0 0.33359375 0.4859375 0.06875 0.04375
0 0.31328125 0.51953125 0.08515625 0.04453125
0 0.29140625 0.55546875 0.07734375 0.0421875
0 0.01640625 0.63828125 0.03203125 0.075
0 0.14609375 0.621875 0.06015625 0.03984375
0 0.19609375 0.7796875 0.06640625 0.04375
0 0.13125 0.9015625 0.1 0.09140625
0 0.35625 0.72421875 0.0765625 0.0484375
0 0.2828125 0.61015625 0.06640625 0.05234375
0 0.38984375 0.575 0.0515625 0.0484375
0 0.42890625 0.50390625 0.03359375 0.059375
0 0.3375 0.64453125 0.05390625 0.053125