0 0.43984375 0.615625 0.059375 0.071875
0 0.509375 0.521875 0.075 0.0609375
0 0.54921875 0.403125 0.065625 0.0578125
0 0.546875 0.45859375 0.071875 0.05
0 0.60703125 0.35 0.0578125 0.0796875
0 0.65 0.31484375 0.05 0.0703125
0 0.7453125 0.23125 0.078125 0.053125
0 0.709375 0.309375 0.0734375 0.0375
0 0.678125 0.34765625 0.0578125 0.0421875
0 0.6890625 0.43125 0.0625 0.05
0 0.65703125 0.4796875 0.046875 0.05625
0 0.6171875 0.5015625 0.0546875 0.065625
0 0.49453125 0.6671875 0.046875 0.0703125
0 0.52890625 0.68515625 0.0484375 0.0859375
0 0.56640625 0.70546875 0.046875 0.0796875
0 0.66328125 0.97578125 0.0765625 0.0359375
0 0.63984375 0.846875 0.04375 0.0609375
0 0.7953125 0.7890625 0.046875 0.0671875
0 0.9203125 0.846875 0.0953125 0.1046875
0 0.73125 0.63203125 0.053125 0.0796875
0 0.62109375 0.7109375 0.05625 0.06875
0 0.58046875 0.60625 0.0515625 0.0546875
0 0.5078125 0.57109375 0.0609375 0.0375
0 0.653125 0.6546875 0.05625 0.05625