0 0.13671875 0.2859375 0.140625 0.046875
0 0.21484375 0.23046875 0.1234375 0.05
0 0.0984375 0.6359375 0.0890625 0.0625
0 0.059375 0.48984375 0.0921875 0.0484375
0 0.0859375 0.5421875 0.078125 0.0625
0 0.27578125 0.91953125 0.121875 0.06875
0 0.0875 0.9578125 0.125 0.065625
0 0.50546875 0.51171875 0.0875 0.0703125
0 0.359375 0.27109375 0.0953125 0.0375
0 0.38203125 0.34296875 0.0875 0.0328125
0 0.3859375 0.2390625 0.0859375 0.0296875
0 0.49609375 0.2859375 0.084375 0.0421875
0 0.4671875 0.240625 0.084375 0.0359375
0 0.571875 0.47734375 0.059375 0.046875
0 0.6953125 0.378125 0.0703125 0.03125
0 0.68828125 0.415625 0.0734375 0.040625
0 0.53984375 0.37265625 0.065625 0.034375
0 0.57265625 0.3078125 0.05 0.040625
0 0.5390625 0.421875 0.065625 0.0296875
0 0.61953125 0.440625 0.04375 0.0421875
0 0.28359375 0.4859375 0.0828125 0.0375
0 0.3671875 0.50390625 0.0484375 0.04375
0 0.43046875 0.425 0.0796875 0.040625
0 0.553125 0.5609375 0.0703125 0.034375