0 0.2671875 0.8515625 0.0390625 0.1390625
0 0.215625 0.7703125 0.04375 0.12265625
0 0.61484375 0.9078125 0.0578125 0.0859375
0 0.46640625 0.93984375 0.04375 0.08984375
0 0.5203125 0.915625 0.05859375 0.075
0 0.90703125 0.74609375 0.0625 0.11796875
0 0.9359375 0.9359375 0.05859375 0.12265625
0 0.51171875 0.4953125 0.06640625 0.084375
0 0.2640625 0.628125 0.0328125 0.09453125
0 0.33671875 0.609375 0.02734375 0.0859375
0 0.23359375 0.6 0.02421875 0.084375
0 0.2859375 0.49296875 0.03828125 0.0828125
0 0.2390625 0.51953125 0.03125 0.0828125
0 0.48125 0.42734375 0.04375 0.0578125
0 0.38828125 0.2984375 0.02734375 0.06953125
0 0.42578125 0.3078125 0.0375 0.07109375
0 0.375 0.45390625 0.03125 0.0640625
0 0.31171875 0.4171875 0.0375 0.0484375
0 0.42421875 0.45703125 0.0265625 0.0640625
0 0.446875 0.37734375 0.040625 0.0421875
0 0.475 0.715625 0.0328125 0.08203125
0 0.496875 0.6328125 0.04140625 0.04609375
0 0.42109375 0.565625 0.0359375 0.078125
0 0.56328125 0.45 0.03046875 0.06875