0 0.2984375 0.8703125 0.0515625 0.1421875
0 0.240625 0.79375 0.0546875 0.125
0 0.65 0.89609375 0.065625 0.090625
0 0.5046875 0.94140625 0.0515625 0.09375
0 0.55625 0.9125 0.065625 0.0796875
0 0.9265625 0.709375 0.071875 0.1234375
0 0.96875 0.89609375 0.0625 0.1265625
0 0.5109375 0.49453125 0.0734375 0.0890625
0 0.27578125 0.6484375 0.040625 0.096875
0 0.346875 0.6234375 0.0359375 0.0875
0 0.24296875 0.62265625 0.0328125 0.0859375
0 0.2859375 0.51171875 0.0453125 0.0859375
0 0.24140625 0.5421875 0.0390625 0.0859375
0 0.475 0.42890625 0.0484375 0.0609375
0 0.37109375 0.30859375 0.034375 0.0703125
0 0.409375 0.31484375 0.04375 0.075
0 0.37109375 0.46484375 0.0359375 0.0671875
0 0.30546875 0.43359375 0.0421875 0.0515625
0 0.42109375 0.4640625 0.0328125 0.065625
0 0.43671875 0.3828125 0.04375 0.0453125
0 0.49375 0.7171875 0.0390625 0.084375
0 0.50859375 0.6328125 0.0453125 0.05
0 0.42734375 0.571875 0.0421875 0.08125
0 0.55859375 0.44453125 0.0375 0.071875