0 0.32734375 0.67265625 0.0671875 0.1109375
0 0.39609375 0.6875 0.084375 0.096875
0 0.51328125 0.9109375 0.09375 0.1671875
0 0.8515625 0.81875 0.0625 0.1
0 0.715625 0.87109375 0.0625 0.0859375
0 0.66015625 0.87890625 0.0578125 0.1
0 0.515625 0.615625 0.0890625 0.059375
0 0.403125 0.56328125 0.05625 0.0875
0 0.55078125 0.503125 0.0765625 0.071875
0 0.60859375 0.4359375 0.08125 0.0921875
0 0.61015625 0.359375 0.0625 0.0734375
0 0.69375 0.35078125 0.08125 0.0890625
0 0.81328125 0.3109375 0.09375 0.0921875
0 0.73828125 0.24453125 0.103125 0.096875
0 0.77421875 0.3796875 0.053125 0.096875
0 0.62265625 0.20546875 0.05 0.1015625
0 0.54609375 0.3921875 0.0734375 0.0921875
0 0.378125 0.459375 0.0625 0.0984375
0 0.5546875 0.209375 0.0703125 0.1140625
0 0.68203125 0.47890625 0.06875 0.1
0 0.44609375 0.7328125 0.0578125 0.09375
0 0.45390625 0.5515625 0.0640625 0.0921875
0 0.49765625 0.2984375 0.078125 0.065625
0 0.52109375 0.47734375 0.0703125 0.071875
0 0.5046875 0.6609375 0.0671875 0.084375