0 0.2953125 0.6328125 0.04765625 0.10390625
0 0.359375 0.66171875 0.06875 0.08515625
0 0.42734375 0.9046875 0.06328125 0.1578125
0 0.77734375 0.88515625 0.04375 0.0921875
0 0.63359375 0.9078125 0.04765625 0.078125
0 0.578125 0.90390625 0.0390625 0.09375
0 0.49140625 0.61640625 0.08046875 0.04296875
0 0.3921875 0.54140625 0.04140625 0.08125
0 0.54921875 0.51328125 0.06484375 0.05859375
0 0.61953125 0.46015625 0.065625 0.0796875
0 0.63671875 0.38515625 0.04921875 0.0640625
0 0.7203125 0.39453125 0.0671875 0.0765625
0 0.8453125 0.38046875 0.0796875 0.0765625
0 0.7859375 0.29921875 0.0890625 0.0796875
0 0.79296875 0.4390625 0.034375 0.0921875
0 0.68125 0.2375 0.03046875 0.096875
0 0.5671875 0.40390625 0.0578125 0.08125
0 0.3890625 0.43515625 0.0453125 0.08984375
0 0.6140625 0.22734375 0.05 0.10703125
0 0.6828125 0.5171875 0.04921875 0.0921875
0 0.39921875 0.71640625 0.04140625 0.08828125
0 0.44453125 0.540625 0.04609375 0.084375
0 0.53984375 0.30234375 0.06953125 0.05234375
0 0.525 0.48203125 0.06015625 0.0609375
0 0.47109375 0.65859375 0.053125 0.075