0 0.271875 0.5875 0.0671875 0.1109375
0 0.32890625 0.62890625 0.084375 0.096875
0 0.34453125 0.88046875 0.09375 0.1671875
0 0.69140625 0.934375 0.0625 0.1
0 0.54609375 0.9265625 0.0625 0.0859375
0 0.4921875 0.9109375 0.0578125 0.1
0 0.4671875 0.61171875 0.0890625 0.059375
0 0.3859375 0.51796875 0.05625 0.0875
0 0.5453125 0.5234375 0.0765625 0.071875
0 0.625 0.4859375 0.08125 0.0921875
0 0.6578125 0.41640625 0.0625 0.0734375
0 0.7375 0.44296875 0.08125 0.0890625
0 0.8625 0.4546875 0.09375 0.0921875
0 0.82109375 0.36328125 0.103125 0.096875
0 0.79921875 0.5015625 0.053125 0.096875
0 0.73203125 0.28125 0.05 0.1015625
0 0.5859375 0.4203125 0.0734375 0.0921875
0 0.4046875 0.41328125 0.0625 0.0984375
0 0.66796875 0.25703125 0.0703125 0.1140625
0 0.675 0.5546875 0.06875 0.1
0 0.35625 0.690625 0.0578125 0.09375
0 0.4375 0.528125 0.0640625 0.0921875
0 0.5796875 0.31484375 0.078125 0.065625
0 0.528125 0.4875 0.0703125 0.071875
0 0.4390625 0.64921875 0.0671875 0.084375