0 0.56953125 0.4203125 0.08828125 0.07421875
0 0.7234375 0.7296875 0.0390625 0.07265625
0 0.67421875 0.62421875 0.05234375 0.05078125
0 0.62734375 0.684375 0.0640625 0.053125
0 0.5703125 0.71796875 0.03984375 0.06796875
0 0.36328125 0.46015625 0.0578125 0.046875
0 0.1765625 0.4859375 0.05703125 0.0484375
0 0.08984375 0.7140625 0.06171875 0.07734375
0 0.2875 0.63125 0.0640625 0.0578125
0 0.3609375 0.6703125 0.0578125 0.046875
0 0.3 0.69140625 0.04453125 0.04375
0 0.2640625 0.7296875 0.07734375 0.05703125
0 0.41796875 0.76875 0.07109375 0.03203125
0 0.39375 0.7375 0.05859375 0.02578125
0 0.4609375 0.465625 0.0484375 0.05234375
0 0.3578125 0.54375 0.06953125 0.03984375
0 0.39921875 0.515625 0.06484375 0.0359375
0 0.43203125 0.65625 0.0640625 0.04375
0 0.4796875 0.61640625 0.06171875 0.0375
0 0.46328125 0.56328125 0.0390625 0.05234375
0 0.40546875 0.57421875 0.05234375 0.05703125
0 0.5046875 0.5078125 0.06796875 0.03125
0 0.54453125 0.5515625 0.05859375 0.03828125
0 0.49375 0.66640625 0.0515625 0.06796875
0 0.52421875 0.67265625 0.05859375 0.04609375
0 0.5734375 0.653125 0.0375 0.04921875
0 0.6203125 0.6234375 0.04296875 0.034375
0 0.59765625 0.58984375 0.04765625 0.03203125
0 0.5390625 0.61875 0.0390625 0.04609375
0 0.21796875 0.80390625 0.07421875 0.046875