0 0.1796875 0.86640625 0.1453125 0.078125
0 0.0984375 0.7625 0.1046875 0.0703125
0 0.32890625 0.6828125 0.046875 0.0375
0 0.34375 0.60625 0.0453125 0.028125
0 0.3453125 0.5828125 0.0484375 0.03125
0 0.4203125 0.43984375 0.059375 0.0421875
0 0.43828125 0.40546875 0.0671875 0.034375
0 0.61328125 0.3375 0.053125 0.0421875
0 0.46015625 0.25234375 0.05625 0.0390625
0 0.6078125 0.21015625 0.0515625 0.0203125
0 0.3734375 0.1046875 0.053125 0.0375
0 0.76484375 0.35390625 0.0453125 0.040625
0 0.9171875 0.68828125 0.046875 0.04375
0 0.77109375 0.6296875 0.0734375 0.05625
0 0.63515625 0.81015625 0.0546875 0.0625
0 0.6296875 0.7546875 0.0625 0.034375
0 0.60859375 0.71796875 0.0375 0.04375
0 0.5109375 0.709375 0.0421875 0.0296875
0 0.82421875 0.04375 0.11875 0.0625
0 0.48984375 0.53359375 0.0453125 0.05625
0 0.47109375 0.58046875 0.0375 0.0484375
0 0.396875 0.6734375 0.0578125 0.03125
0 0.5203125 0.64140625 0.05 0.034375
0 0.6 0.665625 0.04375 0.028125
0 0.584375 0.6359375 0.046875 0.034375
0 0.52421875 0.59375 0.0453125 0.0265625
0 0.41015625 0.60546875 0.0390625 0.0296875
0 0.5765625 0.73671875 0.0484375 0.0296875
0 0.48828125 0.66328125 0.0375 0.040625
0 0.45390625 0.6171875 0.0453125 0.0265625
0 0.6015625 0.77734375 0.0453125 0.01875
0 0.7390625 0.79140625 0.065625 0.0421875
0 0.68828125 0.76484375 0.0328125 0.053125
0 0.78046875 0.5765625 0.040625 0.046875
0 0.740625 0.49921875 0.0421875 0.053125
0 0.621875 0.56015625 0.05625 0.0296875
0 0.5640625 0.690625 0.053125 0.0359375
0 0.53671875 0.66640625 0.0421875 0.03125
0 0.525 0.73359375 0.040625 0.034375
0 0.7015625 0.45078125 0.05625 0.028125
0 0.71328125 0.42890625 0.05 0.0359375