0 0.5921875 0.5515625 0.0921875 0.1015625
0 0.321875 0.76640625 0.078125 0.053125
0 0.41484375 0.69609375 0.059375 0.0625
0 0.34609375 0.66328125 0.065625 0.0734375
0 0.3015625 0.6140625 0.075 0.0546875
0 0.5109375 0.3578125 0.0578125 0.065625
0 0.446875 0.18046875 0.059375 0.065625
0 0.20546875 0.14296875 0.0890625 0.078125
0 0.32734375 0.31953125 0.0703125 0.075
0 0.3046875 0.39921875 0.0578125 0.065625
0 0.27109375 0.34453125 0.0515625 0.0515625
0 0.2265625 0.3171875 0.071875 0.0875
0 0.2203125 0.47578125 0.0453125 0.0765625
0 0.2453125 0.4453125 0.0375 0.0625
0 0.52578125 0.4546875 0.0625 0.0578125
0 0.42734375 0.3703125 0.0546875 0.075
0 0.4640625 0.4046875 0.0484375 0.071875
0 0.3328125 0.465625 0.05625 0.071875
0 0.38203125 0.5046875 0.05 0.06875
0 0.43046875 0.47734375 0.059375 0.05
0 0.4078125 0.42265625 0.065625 0.0640625
0 0.49296875 0.50625 0.0453125 0.0734375
0 0.45859375 0.55390625 0.0484375 0.065625
0 0.3359375 0.528125 0.078125 0.0640625
0 0.3359375 0.559375 0.0578125 0.0671875
0 0.365625 0.60390625 0.05625 0.046875
0 0.40390625 0.64296875 0.0421875 0.05
0 0.4328125 0.6140625 0.040625 0.053125
0 0.3921875 0.56328125 0.0546875 0.0484375
0 0.14375 0.2875 0.0609375 0.0828125