0 0.4265625 0.4234375 0.0828125 0.09375
0 0.7484375 0.29765625 0.075 0.0453125
0 0.6390625 0.3375 0.0546875 0.0578125
0 0.69453125 0.3890625 0.0578125 0.06875
0 0.7234375 0.44921875 0.071875 0.046875
0 0.4484375 0.6328125 0.0515625 0.0609375
0 0.4578125 0.82109375 0.053125 0.0609375
0 0.67734375 0.92734375 0.0828125 0.06875
0 0.6125 0.7234375 0.0625 0.06875
0 0.6578125 0.653125 0.0515625 0.0609375
0 0.6734375 0.715625 0.046875 0.046875
0 0.70859375 0.7546875 0.0625 0.0828125
0 0.7609375 0.60546875 0.0375 0.075
0 0.72734375 0.6265625 0.0296875 0.0609375
0 0.4625 0.5359375 0.0578125 0.053125
0 0.53125 0.6453125 0.046875 0.071875
0 0.50703125 0.6015625 0.0421875 0.06875
0 0.65 0.58125 0.0484375 0.0671875
0 0.6140625 0.53046875 0.0421875 0.065625
0 0.56015625 0.5421875 0.05625 0.04375
0 0.565625 0.60078125 0.0609375 0.0578125
0 0.5078125 0.49609375 0.0375 0.071875
0 0.55546875 0.46015625 0.0421875 0.0625
0 0.66484375 0.52109375 0.0734375 0.0578125
0 0.67421875 0.490625 0.0515625 0.0625
0 0.65859375 0.43984375 0.053125 0.0421875
0 0.63359375 0.390625 0.0375 0.046875
0 0.59765625 0.41015625 0.0359375 0.05
0 0.621875 0.47109375 0.05 0.04375
0 0.778125 0.8078125 0.053125 0.0765625