0 0.1625 0.14921875 0.06484375 0.14140625
0 0.2734375 0.07734375 0.06171875 0.09921875
0 0.3328125 0.31328125 0.03359375 0.04375
0 0.4078125 0.33515625 0.025 0.04453125
0 0.43125 0.3390625 0.0265625 0.046875
0 0.5671875 0.42578125 0.03828125 0.05625
0 0.59921875 0.446875 0.02734375 0.065625
0 0.65234375 0.62734375 0.0375 0.05
0 0.75 0.48203125 0.03515625 0.05234375
0 0.7796875 0.6328125 0.01640625 0.05078125
0 0.9046875 0.40859375 0.0328125 0.05
0 0.62265625 0.7765625 0.03671875 0.0421875
0 0.27578125 0.89921875 0.04140625 0.04453125
0 0.346875 0.75859375 0.05078125 0.06796875
0 0.17890625 0.6078125 0.0578125 0.05
0 0.23515625 0.60703125 0.0296875 0.05859375
0 0.2734375 0.5890625 0.03984375 0.03515625
0 0.290625 0.49296875 0.0265625 0.03984375
0 0.9265625 0.8625 0.05390625 0.1140625
0 0.4671875 0.48671875 0.05390625 0.03984375
0 0.42265625 0.4640625 0.0453125 0.03359375
0 0.3359375 0.38203125 0.0265625 0.05625
0 0.35703125 0.5078125 0.0296875 0.04609375
0 0.3265625 0.58515625 0.025 0.0421875
0 0.35703125 0.571875 0.03046875 0.04375
0 0.4046875 0.515625 0.0234375 0.04453125
0 0.403125 0.4015625 0.0265625 0.0375
0 0.2578125 0.55546875 0.02421875 0.046875
0 0.33828125 0.47421875 0.0375 0.03359375
0 0.3875 0.44375 0.0234375 0.04375
0 0.21484375 0.57734375 0.01484375 0.04453125
0 0.1890625 0.7125 0.0375 0.06328125
0 0.21953125 0.66484375 0.0515625 0.02890625
0 0.39921875 0.77265625 0.04375 0.0375
0 0.4796875 0.73984375 0.05 0.03828125
0 0.4296875 0.61640625 0.025 0.0546875
0 0.3046875 0.546875 0.03125 0.05078125
0 0.33125 0.521875 0.02734375 0.03984375
0 0.26484375 0.5046875 0.03046875 0.0375
0 0.53125 0.7046875 0.0234375 0.0546875
0 0.55234375 0.71875 0.03203125 0.046875