0 0.25703125 0.078125 0.0984375 0.1515625
0 0.38125 0.0453125 0.084375 0.090625
0 0.3828125 0.278125 0.04375 0.05
0 0.45078125 0.31796875 0.034375 0.0484375
0 0.471875 0.32734375 0.0375 0.0515625
0 0.5828125 0.44453125 0.05 0.0640625
0 0.609375 0.47265625 0.04375 0.0703125
0 0.6171875 0.66015625 0.0484375 0.0578125
0 0.746875 0.54296875 0.046875 0.059375
0 0.7390625 0.696875 0.0265625 0.0515625
0 0.91484375 0.509375 0.04375 0.05625
0 0.55234375 0.79765625 0.046875 0.05
0 0.1859375 0.8328125 0.05 0.0515625
0 0.2890625 0.7140625 0.065625 0.078125
0 0.1625 0.5265625 0.06875 0.0625
0 0.2171875 0.53984375 0.04375 0.0640625
0 0.25859375 0.53125 0.0484375 0.04375
0 0.2984375 0.4421875 0.0359375 0.0453125
0 0.82578125 0.94609375 0.0796875 0.1078125
0 0.47109375 0.47890625 0.0609375 0.0515625
0 0.43359375 0.44609375 0.0515625 0.04375
0 0.36953125 0.34609375 0.0390625 0.0609375
0 0.359375 0.47265625 0.040625 0.053125
0 0.3109375 0.540625 0.034375 0.046875
0 0.34375 0.53515625 0.040625 0.05
0 0.40390625 0.4921875 0.0328125 0.0484375
0 0.4296875 0.38125 0.034375 0.0421875
0 0.2515625 0.4953125 0.0359375 0.0515625
0 0.34921875 0.4359375 0.0453125 0.0421875
0 0.4046875 0.41796875 0.0328125 0.0484375
0 0.2046875 0.50625 0.025 0.046875
0 0.146875 0.63125 0.0515625 0.0703125
0 0.18828125 0.5921875 0.05625 0.0390625
0 0.3359375 0.73984375 0.0515625 0.046875
0 0.42265625 0.728125 0.0578125 0.0484375
0 0.40390625 0.59609375 0.0375 0.059375
0 0.29921875 0.4984375 0.0421875 0.05625
0 0.33125 0.48046875 0.0375 0.046875
0 0.2703125 0.44765625 0.0390625 0.04375
0 0.48046875 0.70625 0.0359375 0.059375
0 0.49765625 0.725 0.0421875 0.053125