0 0.13515625 0.08515625 0.0765625 0.12109375
0 0.2265625 0.04140625 0.10078125 0.08046875
0 0.34453125 0.321875 0.046875 0.06015625
0 0.4578125 0.34375 0.02890625 0.0625
0 0.478125 0.34765625 0.0234375 0.06484375
0 0.6375 0.396875 0.0546875 0.0609375
0 0.71171875 0.42734375 0.03359375 0.06796875
0 0.8 0.4046875 0.0515625 0.05625
0 0.36171875 0.3921875 0.04140625 0.04921875
0 0.41640625 0.3921875 0.02578125 0.05234375
0 0.45078125 0.4140625 0.0234375 0.0546875
0 0.290625 0.50390625 0.0515625 0.05234375
0 0.2765625 0.61640625 0.03984375 0.05234375
0 0.23125 0.63046875 0.03984375 0.04453125
0 0.15234375 0.6296875 0.0609375 0.04453125
0 0.2015625 0.60234375 0.02734375 0.05703125
0 0.16796875 0.73515625 0.04765625 0.053125
0 0.203125 0.69296875 0.06484375 0.02890625
0 0.31328125 0.7828125 0.0453125 0.0703125
0 0.3734375 0.91953125 0.02890625 0.06796875
0 0.94609375 0.65859375 0.02578125 0.07421875
0 0.74375 0.85390625 0.02578125 0.06640625
0 0.44296875 0.5328125 0.0296875 0.05703125
0 0.38984375 0.5984375 0.05078125 0.0296875
0 0.34453125 0.6140625 0.02890625 0.04140625
0 0.3203125 0.575 0.0390625 0.0484375
0 0.34765625 0.5484375 0.0515625 0.04453125
0 0.378125 0.52734375 0.03515625 0.03671875
0 0.4109375 0.5234375 0.046875 0.0375
0 0.46796875 0.48046875 0.059375 0.0296875
0 0.5171875 0.50703125 0.0546875 0.02890625
0 0.38984375 0.81796875 0.0359375 0.05078125
0 0.4453125 0.81328125 0.06328125 0.046875
0 0.796875 0.5125 0.06640625 0.0640625
0 0.2578125 0.58203125 0.02890625 0.05078125
0 0.21171875 0.71953125 0.05546875 0.04140625
0 0.3515625 0.49453125 0.05 0.03203125
0 0.3484375 0.4390625 0.03046875 0.03984375
0 0.38359375 0.46796875 0.03515625 0.046875
0 0.4046875 0.43203125 0.04453125 0.02890625
0 0.446875 0.45078125 0.04296875 0.02890625
0 0.38203125 0.65859375 0.04921875 0.03828125
0 0.471875 0.6359375 0.0265625 0.0421875
0 0.509375 0.621875 0.03359375 0.03359375