0 0.54296875 0.21953125 0.103125 0.0859375
0 0.446875 0.21953125 0.0796875 0.0765625
0 0.384375 0.3296875 0.0734375 0.0625
0 0.42890625 0.396875 0.075 0.0546875
0 0.04609375 0.44453125 0.0796875 0.1078125
0 0.53984375 0.86484375 0.0875 0.0890625
0 0.58515625 0.74921875 0.0828125 0.0828125
0 0.63359375 0.69765625 0.059375 0.0796875
0 0.62109375 0.659375 0.0546875 0.06875
0 0.5890625 0.63515625 0.0625 0.0734375
0 0.58671875 0.53125 0.0609375 0.0796875
0 0.5609375 0.49296875 0.0578125 0.053125
0 0.50859375 0.52109375 0.0765625 0.0546875
0 0.56484375 0.58203125 0.059375 0.0453125
0 0.54453125 0.55703125 0.065625 0.05625
0 0.48515625 0.37109375 0.0875 0.06875
0 0.4984375 0.27109375 0.059375 0.071875
0 0.55234375 0.38671875 0.0671875 0.0640625
0 0.621875 0.34609375 0.0921875 0.1390625
0 0.54453125 0.31796875 0.059375 0.0546875