0 0.04296875 0.7703125 0.0859375 0.1
0 0.025 0.67109375 0.05 0.1140625
0 0.29375 0.61484375 0.0671875 0.0578125
0 0.33828125 0.50859375 0.0671875 0.040625
0 0.34609375 0.48984375 0.06875 0.0359375
0 0.42734375 0.34375 0.0703125 0.065625
0 0.47265625 0.278125 0.075 0.0484375
0 0.46953125 0.18671875 0.065625 0.0625
0 0.365625 0.6125 0.0578125 0.05
0 0.37734375 0.559375 0.0578125 0.0359375
0 0.40546875 0.53046875 0.0578125 0.034375
0 0.46015625 0.70546875 0.0625 0.0609375
0 0.5671875 0.74296875 0.0609375 0.0515625
0 0.571875 0.78984375 0.0515625 0.0484375
0 0.5546875 0.8671875 0.0546875 0.06875
0 0.53828125 0.81328125 0.0609375 0.0390625
0 0.6609375 0.8734375 0.0609375 0.05625
0 0.62734375 0.83046875 0.040625 0.0703125
0 0.7375 0.74140625 0.078125 0.059375
0 0.884375 0.7109375 0.0734375 0.0421875
0 0.74765625 0.096875 0.078125 0.040625
0 0.896875 0.33515625 0.06875 0.0375
0 0.5203125 0.5625 0.0609375 0.040625
0 0.5734375 0.628125 0.0390625 0.0546875
0 0.57890625 0.67578125 0.0453125 0.0359375
0 0.5359375 0.69140625 0.05625 0.0484375
0 0.515625 0.659375 0.053125 0.059375
0 0.5015625 0.625 0.04375 0.0421875
0 0.5046875 0.5921875 0.046875 0.053125
0 0.47421875 0.52734375 0.040625 0.0640625
0 0.51015625 0.484375 0.0390625 0.059375
0 0.78828125 0.67421875 0.05625 0.0453125
0 0.7953125 0.61875 0.059375 0.0703125
0 0.57421875 0.2125 0.0765625 0.078125
0 0.5296875 0.75390625 0.0546875 0.0375
0 0.6546875 0.82734375 0.0515625 0.0625
0 0.4640625 0.64375 0.040625 0.0546875
0 0.40859375 0.6359375 0.046875 0.0390625
0 0.44453125 0.60703125 0.053125 0.04375
0 0.4140625 0.57890625 0.0359375 0.0484375
0 0.440625 0.54140625 0.0359375 0.0484375
0 0.63046875 0.6484375 0.046875 0.05625
0 0.62734375 0.55546875 0.046875 0.034375
0 0.62109375 0.51640625 0.040625 0.040625