0 0.85234375 0.075 0.1328125 0.0953125
0 0.91015625 0.1578125 0.0953125 0.1109375
0 0.6515625 0.31875 0.065625 0.05625
0 0.64765625 0.43359375 0.065625 0.0375
0 0.646875 0.4546875 0.06875 0.0328125
0 0.6234375 0.61953125 0.06875 0.0640625
0 0.6046875 0.69765625 0.0734375 0.0453125
0 0.64140625 0.78125 0.0640625 0.059375
0 0.58515625 0.346875 0.05625 0.0484375
0 0.59375 0.40078125 0.05625 0.0328125
0 0.57734375 0.43828125 0.0578125 0.03125
0 0.46328125 0.29375 0.0609375 0.059375
0 0.35 0.29765625 0.059375 0.0484375
0 0.32890625 0.2546875 0.05 0.046875
0 0.3171875 0.1765625 0.053125 0.0671875
0 0.35234375 0.22109375 0.059375 0.0359375
0 0.215625 0.20859375 0.059375 0.0546875
0 0.26328125 0.23671875 0.0375 0.06875
0 0.19140625 0.36015625 0.0765625 0.05625
0 0.065625 0.440625 0.071875 0.0390625
0 0.41328125 0.965625 0.078125 0.0375
0 0.18828125 0.79609375 0.06875 0.0359375
0 0.45859375 0.4484375 0.0609375 0.0375
0 0.38515625 0.40625 0.0375 0.0546875
0 0.36328125 0.3640625 0.04375 0.034375
0 0.39765625 0.334375 0.0546875 0.046875
0 0.428125 0.35703125 0.0515625 0.0578125
0 0.45390625 0.38359375 0.0421875 0.0390625
0 0.46328125 0.415625 0.04375 0.0515625
0 0.5140625 0.465625 0.0390625 0.0640625
0 0.49609375 0.51796875 0.0359375 0.0578125
0 0.16875 0.440625 0.0546875 0.04375
0 0.18203125 0.4953125 0.05625 0.06875
0 0.534375 0.7953125 0.0734375 0.075
0 0.38125 0.2734375 0.053125 0.0359375
0 0.23828125 0.25 0.0484375 0.0625
0 0.48203125 0.35234375 0.0390625 0.0546875
0 0.53671875 0.340625 0.0453125 0.0375
0 0.51328125 0.3796875 0.0515625 0.040625
0 0.55234375 0.3953125 0.034375 0.046875
0 0.540625 0.43984375 0.034375 0.046875
0 0.325 0.40859375 0.0453125 0.0546875
0 0.36171875 0.49375 0.0453125 0.0328125
0 0.38125 0.528125 0.0390625 0.0390625