0 0.56484375 0.77578125 0.1 0.08125
0 0.6546875 0.740625 0.0765625 0.071875
0 0.67109375 0.61484375 0.071875 0.059375
0 0.60390625 0.56875 0.0734375 0.05
0 0.94140625 0.38203125 0.0734375 0.1046875
0 0.3265625 0.17734375 0.0828125 0.0859375
0 0.32734375 0.30078125 0.078125 0.078125
0 0.3015625 0.3671875 0.0546875 0.078125
0 0.328125 0.39765625 0.0515625 0.0671875
0 0.36640625 0.4078125 0.059375 0.071875
0 0.4078125 0.503125 0.0578125 0.0765625
0 0.44609375 0.52890625 0.05625 0.0515625
0 0.48359375 0.48359375 0.075 0.0515625
0 0.40859375 0.44765625 0.0578125 0.0421875
0 0.4375 0.4640625 0.0640625 0.0515625
0 0.5625 0.61328125 0.0859375 0.0640625
0 0.5875 0.71171875 0.05625 0.06875
0 0.49375 0.62421875 0.0640625 0.0609375
0 0.44453125 0.68828125 0.084375 0.1375
0 0.52734375 0.6859375 0.05625 0.053125