0 0.2171875 0.52109375 0.0671875 0.08984375
0 0.23828125 0.61484375 0.06328125 0.0671875
0 0.36015625 0.65078125 0.04921875 0.0640625
0 0.415625 0.5921875 0.040625 0.0671875
0 0.54765625 0.9546875 0.096875 0.059375
0 0.84609375 0.37890625 0.07421875 0.071875
0 0.7234375 0.3609375 0.06875 0.06796875
0 0.6625 0.325 0.07109375 0.04375
0 0.628125 0.34609375 0.0609375 0.0421875
0 0.61171875 0.3828125 0.0640625 0.04921875
0 0.5109375 0.40859375 0.0703125 0.046875
0 0.4796875 0.4421875 0.04375 0.04921875
0 0.51875 0.48671875 0.040625 0.06875
0 0.565625 0.41796875 0.03515625 0.05390625
0 0.5453125 0.44375 0.04375 0.0578125
0 0.378125 0.54375 0.05390625 0.07734375
0 0.27734375 0.553125 0.06328125 0.04765625
0 0.378125 0.47421875 0.053125 0.05703125
0 0.32265625 0.415625 0.128125 0.065625
0 0.3125 0.49765625 0.0453125 0.05