0 0.60390625 0.09921875 0.03671875 0.08828125
0 0.4203125 0.19453125 0.0453125 0.05703125
0 0.22265625 0.37578125 0.0625 0.06640625
0 0.16875 0.51484375 0.040625 0.0453125
0 0.2265625 0.67734375 0.040625 0.0734375
0 0.21171875 0.73671875 0.059375 0.0859375
0 0.04765625 0.85546875 0.040625 0.08828125
0 0.3046875 0.34921875 0.028125 0.05703125
0 0.38203125 0.3453125 0.02734375 0.0453125
0 0.934375 0.48359375 0.09296875 0.12109375
0 0.7171875 0.65859375 0.05546875 0.065625
0 0.48984375 0.8421875 0.04453125 0.053125
0 0.34140625 0.865625 0.04375 0.0578125
0 0.31875 0.796875 0.04921875 0.04765625
0 0.3734375 0.76953125 0.03125 0.06328125
0 0.4265625 0.68203125 0.04453125 0.04921875
0 0.47109375 0.44609375 0.034375 0.06015625
0 0.51484375 0.50546875 0.0375 0.059375
0 0.28828125 0.5375 0.0484375 0.02421875
0 0.28046875 0.56171875 0.04609375 0.03046875
0 0.25 0.5203125 0.03359375 0.053125
0 0.3640625 0.48828125 0.0328125 0.040625
0 0.4125 0.4265625 0.02734375 0.0390625
0 0.3328125 0.365625 0.0265625 0.05390625
0 0.3515625 0.378125 0.01875 0.04765625
0 0.3421875 0.546875 0.03984375 0.03125
0 0.43203125 0.77578125 0.0328125 0.0578125
0 0.30390625 0.4921875 0.03125 0.04765625
0 0.34296875 0.43203125 0.0296875 0.04765625
0 0.3953125 0.44296875 0.03125 0.0515625
0 0.3984375 0.4015625 0.03203125 0.03046875
0 0.315625 0.5640625 0.0375 0.0375
0 0.3765625 0.5359375 0.03828125 0.03671875
0 0.284375 0.48359375 0.02421875 0.05