0 0.11796875 0.34140625 0.0921875 0.05
0 0.18671875 0.53671875 0.0625 0.053125
0 0.33828125 0.75703125 0.0734375 0.0703125
0 0.46875 0.83046875 0.05 0.046875
0 0.6375 0.7953125 0.078125 0.05
0 0.69453125 0.81875 0.09375 0.0703125
0 0.78828125 0.98515625 0.0921875 0.0296875
0 0.3234375 0.67265625 0.059375 0.0359375
0 0.33046875 0.5953125 0.0484375 0.034375
0 0.54453125 0.0671875 0.134375 0.109375
0 0.6875 0.30703125 0.0734375 0.0640625
0 0.8375 0.5578125 0.059375 0.05
0 0.83984375 0.7078125 0.0640625 0.0515625
0 0.76875 0.72109375 0.053125 0.05625
0 0.74921875 0.6625 0.065625 0.0390625
0 0.6703125 0.5984375 0.05625 0.05
0 0.44296875 0.52109375 0.0640625 0.0421875
0 0.5078125 0.4859375 0.0640625 0.0453125
0 0.5078125 0.71484375 0.03125 0.0515625
0 0.53046875 0.72578125 0.0375 0.05
0 0.48515625 0.75078125 0.0578125 0.0421875
0 0.46953125 0.6328125 0.0453125 0.0375
0 0.41484375 0.5765625 0.0421875 0.0328125
0 0.34375 0.646875 0.05625 0.034375
0 0.35859375 0.6296875 0.0484375 0.025
0 0.52421875 0.6625 0.0359375 0.0453125
0 0.76328125 0.60546875 0.0625 0.040625
0 0.46484375 0.69296875 0.05 0.0375
0 0.4109375 0.64609375 0.05 0.0359375
0 0.42890625 0.59609375 0.0546875 0.0375
0 0.38828125 0.58671875 0.0359375 0.0359375
0 0.5375 0.69140625 0.0421875 0.0421875
0 0.51875 0.62734375 0.0421875 0.0421875
0 0.45390625 0.7109375 0.053125 0.03125