0 0.596875 0.09765625 0.0390625 0.0875
0 0.41484375 0.19609375 0.046875 0.0578125
0 0.2203125 0.38046875 0.0640625 0.0671875
0 0.16875 0.5203125 0.0421875 0.0453125
0 0.2296875 0.68203125 0.0421875 0.0734375
0 0.215625 0.74140625 0.0609375 0.0875
0 0.05390625 0.86328125 0.0421875 0.0875
0 0.30234375 0.35234375 0.0296875 0.05625
0 0.3796875 0.34765625 0.0296875 0.0453125
0 0.934375 0.47578125 0.0953125 0.1234375
0 0.7203125 0.6546875 0.0578125 0.0671875
0 0.49609375 0.8421875 0.0453125 0.053125
0 0.34765625 0.86796875 0.0453125 0.0578125
0 0.32421875 0.8 0.0515625 0.0484375
0 0.378125 0.771875 0.0328125 0.0625
0 0.4296875 0.68359375 0.0453125 0.05
0 0.4703125 0.446875 0.0359375 0.059375
0 0.51484375 0.50546875 0.0390625 0.059375
0 0.2890625 0.54140625 0.0484375 0.0265625
0 0.28125 0.565625 0.046875 0.0328125
0 0.25078125 0.525 0.0359375 0.053125
0 0.3640625 0.490625 0.0328125 0.040625
0 0.4109375 0.428125 0.028125 0.0390625
0 0.33046875 0.36875 0.028125 0.053125
0 0.34921875 0.38046875 0.0203125 0.046875
0 0.34296875 0.55 0.040625 0.03125
0 0.43671875 0.7765625 0.034375 0.0578125
0 0.30390625 0.4953125 0.0328125 0.046875
0 0.3421875 0.43515625 0.03125 0.046875
0 0.39453125 0.44453125 0.0328125 0.0515625
0 0.396875 0.403125 0.03125 0.03125
0 0.31640625 0.5671875 0.0375 0.0375
0 0.37734375 0.53828125 0.0375 0.0375
0 0.284375 0.4875 0.0265625 0.05