0 0.2515625 0.66015625 0.0828125 0.05234375
0 0.20390625 0.790625 0.07578125 0.04609375
0 0.5328125 0.8234375 0.05234375 0.06875
0 0.74765625 0.62734375 0.0359375 0.06875
0 0.95859375 0.11015625 0.0609375 0.05390625
0 0.95234375 0.18125 0.0453125 0.04375
0 0.65703125 0.32578125 0.06015625 0.0359375
0 0.61484375 0.3515625 0.0796875 0.0328125
0 0.58125 0.37578125 0.07109375 0.03125
0 0.55390625 0.4171875 0.065625 0.04296875
0 0.53203125 0.24609375 0.05390625 0.071875
0 0.36484375 0.43046875 0.07109375 0.046875
0 0.321875 0.478125 0.08203125 0.0421875
0 0.296875 0.528125 0.053125 0.03203125
0 0.26484375 0.55625 0.04765625 0.04765625
0 0.4078125 0.5984375 0.0453125 0.06484375
0 0.5046875 0.56171875 0.04375 0.0640625
0 0.453125 0.5390625 0.07265625 0.04375
0 0.51875 0.48359375 0.03828125 0.06328125
0 0.48984375 0.4390625 0.04296875 0.04375
0 0.86484375 0.5609375 0.1109375 0.0921875