0 0.240625 0.6421875 0.0859375 0.059375
0 0.184375 0.76953125 0.078125 0.0515625
0 0.51015625 0.825 0.0578125 0.071875
0 0.73828125 0.64453125 0.040625 0.0703125
0 0.97578125 0.14296875 0.0484375 0.0578125
0 0.9734375 0.21328125 0.0484375 0.046875
0 0.66875 0.3375 0.0625 0.040625
0 0.625 0.36015625 0.08125 0.0390625
0 0.58984375 0.38203125 0.0734375 0.0359375
0 0.559375 0.42109375 0.06875 0.0484375
0 0.55 0.24921875 0.0578125 0.075
0 0.3703125 0.42109375 0.075 0.0515625
0 0.32421875 0.465625 0.084375 0.0484375
0 0.2953125 0.5140625 0.0546875 0.034375
0 0.26171875 0.53984375 0.05 0.05
0 0.40078125 0.59140625 0.05 0.06875
0 0.5 0.56171875 0.0484375 0.0671875
0 0.45078125 0.5359375 0.075 0.0484375
0 0.51953125 0.48515625 0.0421875 0.065625
0 0.49375 0.43828125 0.046875 0.046875
0 0.859375 0.5859375 0.1171875 0.1