0 0.41484375 0.5234375 0.08125 0.0609375
0 0.5078125 0.35390625 0.0734375 0.059375
0 0.7359375 0.09296875 0.071875 0.0421875
0 0.709375 0.24140625 0.05 0.0875
0 0.66328125 0.2984375 0.0421875 0.06875
0 0.6984375 0.30625 0.0390625 0.08125
0 0.71171875 0.39140625 0.046875 0.0671875
0 0.6671875 0.44765625 0.0609375 0.0484375
0 0.6015625 0.45234375 0.059375 0.0390625
0 0.540625 0.46015625 0.0609375 0.05
0 0.55234375 0.41015625 0.096875 0.046875
0 0.43125 0.95078125 0.0484375 0.05625
0 0.5109375 0.66953125 0.053125 0.0640625
0 0.47578125 0.634375 0.05 0.0609375
0 0.56796875 0.70703125 0.0453125 0.05625
0 0.5328125 0.5984375 0.0453125 0.0578125
0 0.50625 0.54140625 0.0515625 0.046875
0 0.6234375 0.50859375 0.053125 0.071875
0 0.69140625 0.50078125 0.0625 0.0609375
0 0.68515625 0.6234375 0.05625 0.05
0 0.7578125 0.68671875 0.046875 0.065625
0 0.6578125 0.6984375 0.0625 0.065625
0 0.58203125 0.659375 0.071875 0.0625
0 0.609375 0.71484375 0.04375 0.0640625
0 0.66484375 0.778125 0.0765625 0.0546875
0 0.58203125 0.35390625 0.078125 0.0640625