0 0.4859375 0.41328125 0.05234375 0.0765625
0 0.64453125 0.5234375 0.05390625 0.06875
0 0.88046875 0.77734375 0.0359375 0.06875
0 0.73515625 0.73515625 0.0828125 0.0421875
0 0.68359375 0.68359375 0.06484375 0.0359375
0 0.671875 0.71796875 0.07734375 0.03046875
0 0.5859375 0.721875 0.0640625 0.03984375
0 0.534375 0.671875 0.0421875 0.05625
0 0.53671875 0.60625 0.0328125 0.05625
0 0.53515625 0.54453125 0.04296875 0.05546875
0 0.58359375 0.56171875 0.0375 0.09453125
0 0.05859375 0.384375 0.0515625 0.04453125
0 0.33046875 0.49296875 0.05859375 0.046875
0 0.36875 0.46171875 0.05546875 0.04375
0 0.28671875 0.54609375 0.0515625 0.040625
0 0.3984375 0.52265625 0.05234375 0.040625
0 0.45859375 0.5015625 0.0421875 0.04765625
0 0.47890625 0.621875 0.0671875 0.04765625
0 0.47890625 0.690625 0.0546875 0.0578125
0 0.3578125 0.67109375 0.0453125 0.0515625
0 0.2875 0.73671875 0.0609375 0.040625
0 0.2859375 0.6359375 0.06015625 0.05625
0 0.3328125 0.56484375 0.05625 0.06484375
0 0.275 0.58671875 0.0609375 0.03828125
0 0.20625 0.63515625 0.04609375 0.07265625
0 0.63671875 0.596875 0.05546875 0.07109375