0 0.2546875 0.66484375 0.084375 0.0546875
0 0.209375 0.79609375 0.0765625 0.0484375
0 0.53828125 0.82265625 0.0546875 0.0703125
0 0.75 0.62265625 0.0375 0.06875
0 0.9515625 0.10234375 0.0625 0.0546875
0 0.946875 0.1734375 0.0453125 0.0453125
0 0.65390625 0.3234375 0.059375 0.0375
0 0.6125 0.34921875 0.0796875 0.034375
0 0.57890625 0.37421875 0.071875 0.0328125
0 0.55234375 0.41640625 0.065625 0.0453125
0 0.52734375 0.2453125 0.0546875 0.0734375
0 0.36328125 0.4328125 0.0734375 0.0484375
0 0.321875 0.48125 0.08125 0.04375
0 0.29765625 0.53203125 0.053125 0.0328125
0 0.265625 0.56015625 0.0484375 0.0484375
0 0.409375 0.6 0.046875 0.065625
0 0.50546875 0.56171875 0.0453125 0.0640625
0 0.45390625 0.53984375 0.071875 0.0453125
0 0.51875 0.48359375 0.0390625 0.0625
0 0.4890625 0.4390625 0.04375 0.04375
0 0.865625 0.5546875 0.1125 0.09375