0 0.41484375 0.521875 0.08125 0.059375
0 0.5109375 0.35390625 0.0734375 0.059375
0 0.74296875 0.096875 0.071875 0.0421875
0 0.7140625 0.2453125 0.05 0.0859375
0 0.6671875 0.30078125 0.0421875 0.06875
0 0.70234375 0.31015625 0.0375 0.08125
0 0.71328125 0.3953125 0.0453125 0.0671875
0 0.66796875 0.45078125 0.059375 0.046875
0 0.60234375 0.45390625 0.059375 0.0375
0 0.54140625 0.4609375 0.059375 0.0484375
0 0.55390625 0.41171875 0.096875 0.0453125
0 0.4234375 0.95 0.0484375 0.0546875
0 0.5078125 0.66953125 0.0515625 0.0625
0 0.4734375 0.634375 0.0484375 0.059375
0 0.56484375 0.70859375 0.0453125 0.0546875
0 0.53125 0.59921875 0.0453125 0.05625
0 0.50546875 0.54140625 0.05 0.046875
0 0.6234375 0.51015625 0.053125 0.0703125
0 0.69140625 0.5046875 0.0625 0.059375
0 0.6828125 0.6265625 0.0546875 0.05
0 0.7546875 0.69140625 0.0453125 0.0640625
0 0.65390625 0.7015625 0.0609375 0.0640625
0 0.57890625 0.6609375 0.0703125 0.0625
0 0.60625 0.71640625 0.0421875 0.0640625
0 0.66015625 0.78046875 0.075 0.053125
0 0.584375 0.35546875 0.0765625 0.0625