0 0.546875 0.08515625 0.04609375 0.10625
0 0.4109375 0.1328125 0.0734375 0.06953125
0 0.88828125 0.41484375 0.03359375 0.084375
0 0.82421875 0.37421875 0.03125 0.06484375
0 0.80625 0.58515625 0.034375 0.08046875
0 0.86015625 0.684375 0.0390625 0.06015625
0 0.5828125 0.8140625 0.06484375 0.08828125
0 0.65078125 0.865625 0.0609375 0.08046875
0 0.60234375 0.96171875 0.03828125 0.0734375
0 0.23828125 0.6953125 0.034375 0.07109375
0 0.2109375 0.60078125 0.0328125 0.06015625
0 0.25390625 0.4890625 0.0375 0.0578125
0 0.2921875 0.42109375 0.03515625 0.04140625
0 0.38046875 0.321875 0.03125 0.05390625
0 0.4890625 0.28828125 0.0421875 0.0453125
0 0.49765625 0.346875 0.040625 0.0515625
0 0.34609375 0.52265625 0.03125 0.04921875
0 0.4640625 0.375 0.0375 0.0640625
0 0.41484375 0.53984375 0.03125 0.06953125
0 0.3296875 0.60234375 0.04453125 0.05234375
0 0.2609375 0.62265625 0.028125 0.05234375
0 0.28359375 0.64296875 0.028125 0.05859375
0 0.253125 0.55625 0.028125 0.04375
0 0.3140625 0.56015625 0.02421875 0.0453125
0 0.29453125 0.5328125 0.021875 0.0515625
0 0.4296875 0.3609375 0.03671875 0.04140625
0 0.446875 0.4421875 0.02734375 0.0515625
0 0.47734375 0.4875 0.040625 0.0265625
0 0.51328125 0.47109375 0.04140625 0.03515625
0 0.271875 0.5375 0.0265625 0.04921875
0 0.40078125 0.38125 0.03125 0.05625
0 0.4109375 0.4734375 0.03359375 0.0328125
0 0.2125 0.825 0.0875 0.034375
0 0.171875 0.77734375 0.03359375 0.05546875
0 0.08203125 0.9375 0.0578125 0.0828125
0 0.39375 0.80625 0.0375 0.053125
0 0.32578125 0.6921875 0.0203125 0.05234375
0 0.53359375 0.71796875 0.02734375 0.04375
0 0.4875 0.61015625 0.03203125 0.0390625
0 0.45390625 0.62890625 0.0265625 0.034375
0 0.49296875 0.51328125 0.0234375 0.040625
0 0.42265625 0.66015625 0.040625 0.0296875
0 0.45859375 0.596875 0.02890625 0.03984375