0 0.56875 0.08828125 0.053125 0.1078125
0 0.43046875 0.12890625 0.0765625 0.071875
0 0.8921875 0.43515625 0.0390625 0.0859375
0 0.83046875 0.39140625 0.034375 0.0671875
0 0.8015625 0.60078125 0.0390625 0.0828125
0 0.85 0.703125 0.0421875 0.0609375
0 0.56640625 0.81796875 0.0703125 0.090625
0 0.63125 0.87265625 0.065625 0.084375
0 0.578125 0.9640625 0.040625 0.071875
0 0.228125 0.68125 0.0375 0.0734375
0 0.20625 0.58515625 0.0359375 0.0609375
0 0.2546875 0.4765625 0.040625 0.059375
0 0.296875 0.41015625 0.0359375 0.0421875
0 0.38984375 0.315625 0.034375 0.0546875
0 0.5 0.28828125 0.04375 0.046875
0 0.50546875 0.346875 0.04375 0.053125
0 0.3453125 0.51484375 0.034375 0.0515625
0 0.4703125 0.3734375 0.040625 0.065625
0 0.4125 0.53515625 0.034375 0.0703125
0 0.32421875 0.59296875 0.046875 0.0546875
0 0.2546875 0.61015625 0.03125 0.0546875
0 0.2765625 0.63125 0.03125 0.0609375
0 0.25078125 0.54296875 0.0296875 0.0453125
0 0.3109375 0.55 0.0265625 0.046875
0 0.29296875 0.521875 0.025 0.053125
0 0.43671875 0.3578125 0.0390625 0.0421875
0 0.45 0.43984375 0.03125 0.053125
0 0.478125 0.48671875 0.0421875 0.028125
0 0.51484375 0.471875 0.0421875 0.0359375
0 0.2703125 0.52578125 0.0296875 0.0515625
0 0.40703125 0.3765625 0.034375 0.0578125
0 0.4125 0.46875 0.0359375 0.034375
0 0.19609375 0.809375 0.0890625 0.0390625
0 0.1578125 0.76015625 0.0375 0.0578125
0 0.059375 0.91484375 0.0625 0.0859375
0 0.378125 0.8 0.040625 0.0546875
0 0.315625 0.6828125 0.0234375 0.0546875
0 0.521875 0.71953125 0.0296875 0.0453125
0 0.48203125 0.609375 0.0328125 0.040625
0 0.446875 0.6265625 0.028125 0.0359375
0 0.4921875 0.51328125 0.025 0.0421875
0 0.4140625 0.65625 0.0421875 0.03125
0 0.45390625 0.59453125 0.0296875 0.0421875