0 0.91640625 0.53203125 0.1078125 0.05
0 0.8640625 0.3984375 0.071875 0.0765625
0 0.5984375 0.88515625 0.0859375 0.0375
0 0.63671875 0.81953125 0.0671875 0.0328125
0 0.42578125 0.809375 0.0828125 0.0375
0 0.328125 0.86640625 0.0609375 0.040625
0 0.1890625 0.59375 0.0890625 0.06875
0 0.13984375 0.66328125 0.0828125 0.0640625
0 0.0421875 0.61875 0.075 0.040625
0 0.2953125 0.2453125 0.0734375 0.0375
0 0.3890625 0.21484375 0.0609375 0.034375
0 0.50234375 0.25390625 0.059375 0.0390625
0 0.571875 0.28984375 0.0421875 0.0359375
0 0.67421875 0.37421875 0.0546875 0.0328125
0 0.7109375 0.48203125 0.046875 0.04375
0 0.653125 0.4921875 0.053125 0.0421875
0 0.471875 0.346875 0.0515625 0.0328125
0 0.6234375 0.459375 0.065625 0.0390625
0 0.45703125 0.41640625 0.0703125 0.034375
0 0.39140625 0.33359375 0.0546875 0.0453125
0 0.36875 0.265625 0.0546875 0.0296875
0 0.34921875 0.2890625 0.0609375 0.0296875
0 0.43515625 0.25546875 0.0453125 0.0296875
0 0.43359375 0.31640625 0.046875 0.0265625
0 0.46015625 0.29609375 0.0515625 0.0234375
0 0.63671875 0.425 0.0421875 0.0390625
0 0.55625 0.44453125 0.053125 0.0296875
0 0.51171875 0.4765625 0.028125 0.0421875
0 0.5296875 0.5125 0.0359375 0.0421875
0 0.4546875 0.2734375 0.0515625 0.028125
0 0.61484375 0.396875 0.0578125 0.0328125
0 0.5234375 0.41015625 0.034375 0.0359375
0 0.16484375 0.22421875 0.0375 0.0890625
0 0.21171875 0.18203125 0.0578125 0.0359375
0 0.0484375 0.09765625 0.084375 0.0609375
0 0.18984375 0.4046875 0.0546875 0.0390625
0 0.3015625 0.3328125 0.053125 0.021875
0 0.28359375 0.54140625 0.0453125 0.0296875
0 0.38984375 0.49140625 0.040625 0.0328125
0 0.36953125 0.45859375 0.0359375 0.028125
0 0.48671875 0.49375 0.0421875 0.025
0 0.3375 0.428125 0.03125 0.0421875
0 0.4015625 0.46171875 0.0421875 0.0296875