0 0.9046875 0.7171875 0.1 0.08125
0 0.68671875 0.77734375 0.0953125 0.06875
0 0.6296875 0.7359375 0.08125 0.0546875
0 0.56484375 0.68984375 0.075 0.053125
0 0.53046875 0.721875 0.040625 0.065625
0 0.5125 0.66171875 0.05625 0.0640625
0 0.584375 0.6125 0.0515625 0.0515625
0 0.46640625 0.62109375 0.06875 0.0625
0 0.2578125 0.5390625 0.065625 0.0859375
0 0.24609375 0.59765625 0.075 0.053125
0 0.28671875 0.57734375 0.05625 0.0765625
0 0.334375 0.6484375 0.0578125 0.08125
0 0.3578125 0.575 0.0765625 0.059375
0 0.3796875 0.54296875 0.0890625 0.0609375
0 0.39609375 0.5078125 0.090625 0.065625
0 0.4515625 0.47734375 0.0515625 0.0609375
0 0.4578125 0.5375 0.071875 0.0546875
0 0.478125 0.56484375 0.05 0.0546875
0 0.27890625 0.40546875 0.075 0.0734375
0 0.328125 0.44765625 0.075 0.059375
0 0.05078125 0.73984375 0.0734375 0.0703125
0 0.6296875 0.69296875 0.06875 0.053125
0 0.53203125 0.54609375 0.06875 0.071875
0 0.5390625 0.61171875 0.0546875 0.0578125