0 0.8171875 0.2546875 0.13125 0.109375
0 0.4125 0.05078125 0.1015625 0.1015625
0 0.50859375 0.33046875 0.0765625 0.0578125
0 0.49375 0.28984375 0.075 0.0640625
0 0.44453125 0.27890625 0.0859375 0.0625
0 0.3953125 0.36953125 0.0640625 0.065625
0 0.3703125 0.440625 0.059375 0.0828125
0 0.30078125 0.49609375 0.084375 0.0625
0 0.353125 0.525 0.0765625 0.059375
0 0.16171875 0.5390625 0.06875 0.084375
0 0.678125 0.68671875 0.090625 0.0671875
0 0.71015625 0.5640625 0.08125 0.0796875
0 0.6984375 0.6171875 0.059375 0.059375
0 0.665625 0.5859375 0.0578125 0.0625
0 0.59921875 0.53125 0.05 0.08125
0 0.57109375 0.55078125 0.0578125 0.071875
0 0.603125 0.62109375 0.0625 0.0609375
0 0.50234375 0.64453125 0.078125 0.0546875
0 0.47890625 0.60859375 0.090625 0.0578125
0 0.553125 0.478125 0.0703125 0.0515625
0 0.5171875 0.5140625 0.0671875 0.0421875
0 0.43359375 0.51953125 0.0734375 0.059375
0 0.49375 0.40546875 0.075 0.0640625
0 0.45859375 0.3265625 0.05625 0.0796875
0 0.6375 0.5328125 0.0578125 0.0703125