0 0.55703125 0.04609375 0.0796875 0.0921875
0 0.6921875 0.2265625 0.0671875 0.0953125
0 0.67421875 0.29375 0.053125 0.08125
0 0.65390625 0.37109375 0.0515625 0.075
0 0.69609375 0.3921875 0.065625 0.0390625
0 0.64609375 0.43046875 0.0640625 0.05625
0 0.575 0.38046875 0.05 0.05
0 0.625 0.48828125 0.0609375 0.0671875
0 0.6234375 0.7125 0.0859375 0.0640625
0 0.68203125 0.7015625 0.0515625 0.075
0 0.6484375 0.67109375 0.075 0.0546875
0 0.69765625 0.6015625 0.08125 0.05625
0 0.62109375 0.60546875 0.0578125 0.0765625
0 0.5828125 0.596875 0.0609375 0.0875
0 0.54453125 0.59453125 0.0640625 0.090625
0 0.49609375 0.553125 0.059375 0.05
0 0.55 0.52578125 0.053125 0.071875
0 0.56875 0.49765625 0.053125 0.05
0 0.490625 0.740625 0.0734375 0.0734375
0 0.5125 0.6796875 0.0578125 0.075
0 0.88515625 0.83359375 0.0703125 0.0734375
0 0.63359375 0.31015625 0.053125 0.06875
0 0.53125 0.45390625 0.071875 0.0671875
0 0.590625 0.4234375 0.0578125 0.053125