0 0.2546875 0.1828125 0.109375 0.13125
0 0.05078125 0.5875 0.1015625 0.1015625
0 0.33046875 0.49140625 0.0578125 0.0765625
0 0.28984375 0.50625 0.0640625 0.075
0 0.27890625 0.55546875 0.0625 0.0859375
0 0.36953125 0.6046875 0.065625 0.0640625
0 0.440625 0.6296875 0.0828125 0.059375
0 0.49609375 0.69921875 0.0625 0.084375
0 0.525 0.646875 0.059375 0.0765625
0 0.5390625 0.83828125 0.084375 0.06875
0 0.68671875 0.321875 0.0671875 0.090625
0 0.5640625 0.28984375 0.0796875 0.08125
0 0.6171875 0.3015625 0.059375 0.059375
0 0.5859375 0.334375 0.0625 0.0578125
0 0.53125 0.40078125 0.08125 0.05
0 0.55078125 0.42890625 0.071875 0.0578125
0 0.62109375 0.396875 0.0609375 0.0625
0 0.64453125 0.49765625 0.0546875 0.078125
0 0.60859375 0.52109375 0.0578125 0.090625
0 0.478125 0.446875 0.0515625 0.0703125
0 0.5140625 0.4828125 0.0421875 0.0671875
0 0.51953125 0.56640625 0.059375 0.0734375
0 0.40546875 0.50625 0.0640625 0.075
0 0.3265625 0.54140625 0.0796875 0.05625
0 0.5328125 0.3625 0.0703125 0.0578125