0 0.33203125 0.1359375 0.0859375 0.115625
0 0.0421875 0.484375 0.084375 0.08515625
0 0.33671875 0.453125 0.04296875 0.06796875
0 0.29375 0.45859375 0.04921875 0.06484375
0 0.271875 0.50390625 0.0453125 0.078125
0 0.34921875 0.57265625 0.0546875 0.05234375
0 0.41328125 0.61328125 0.07421875 0.04296875
0 0.4515625 0.69296875 0.046875 0.07578125
0 0.49140625 0.6484375 0.0453125 0.06875
0 0.46171875 0.83828125 0.07421875 0.05234375
0 0.721875 0.36875 0.05078125 0.08203125
0 0.61015625 0.309375 0.06484375 0.06796875
0 0.65859375 0.3328125 0.04921875 0.04921875
0 0.62109375 0.3578125 0.05234375 0.04765625
0 0.553125 0.41015625 0.07421875 0.034375
0 0.565625 0.4421875 0.0640625 0.04375
0 0.64140625 0.4265625 0.05078125 0.053125
0 0.64140625 0.53046875 0.0390625 0.07109375
0 0.60078125 0.5453125 0.040625 0.08515625
0 0.490625 0.44296875 0.03671875 0.0640625
0 0.5171875 0.48671875 0.02890625 0.06328125
0 0.50390625 0.56875 0.04765625 0.0640625
0 0.40625 0.484375 0.05 0.06484375
0 0.321875 0.5015625 0.07265625 0.040625
0 0.56328125 0.3734375 0.06328125 0.0453125