0 0.9390625 0.6359375 0.0890625 0.06484375
0 0.7359375 0.73671875 0.08828125 0.05234375
0 0.67265625 0.70703125 0.07421875 0.03984375
0 0.6 0.67421875 0.06796875 0.03984375
0 0.571875 0.71171875 0.0296875 0.0609375
0 0.54296875 0.65625 0.04609375 0.05703125
0 0.6046875 0.59453125 0.04296875 0.04453125
0 0.48984375 0.625 0.06015625 0.0515625
0 0.26953125 0.584375 0.0515625 0.07734375
0 0.26953125 0.64453125 0.06796875 0.040625
0 0.30546875 0.61640625 0.04296875 0.06875
0 0.365625 0.67734375 0.04375 0.07421875
0 0.375 0.60078125 0.06953125 0.04765625
0 0.38984375 0.56484375 0.08125 0.04609375
0 0.39921875 0.52734375 0.0828125 0.04921875
0 0.4484375 0.48671875 0.0421875 0.053125
0 0.465625 0.54453125 0.06484375 0.0421875
0 0.490625 0.56796875 0.0421875 0.046875
0 0.26484375 0.44921875 0.0640625 0.0625
0 0.32109375 0.48125 0.0671875 0.04609375
0 0.1046875 0.82109375 0.0640625 0.059375
0 0.6640625 0.66484375 0.06328125 0.0421875
0 0.53984375 0.5390625 0.0578125 0.0625
0 0.559375 0.60234375 0.0453125 0.05078125