0 0.22421875 0.79140625 0.1234375 0.10625
0 0.63515625 0.896875 0.1125 0.0703125
0 0.63359375 0.521875 0.0875 0.06875
0 0.7984375 0.296875 0.08125 0.075
0 0.67421875 0.1671875 0.20625 0.1109375
0 0.040625 0.65703125 0.08125 0.1484375
0 0.87109375 0.55625 0.0765625 0.0859375
0 0.5765625 0.56484375 0.08125 0.0921875
0 0.48828125 0.68125 0.0765625 0.059375
0 0.54375 0.703125 0.078125 0.0546875
0 0.43203125 0.69453125 0.0609375 0.0796875
0 0.334375 0.5609375 0.090625 0.06875
0 0.4046875 0.6015625 0.06875 0.0578125
0 0.55859375 0.428125 0.08125 0.0828125
0 0.5234375 0.47109375 0.065625 0.0453125
0 0.4875 0.48359375 0.0765625 0.0546875
0 0.45234375 0.49921875 0.0671875 0.0546875
0 0.41484375 0.48359375 0.065625 0.0609375
0 0.3671875 0.440625 0.065625 0.078125
0 0.3578125 0.38984375 0.071875 0.0546875
0 0.3578125 0.29296875 0.0546875 0.0515625
0 0.3890625 0.33984375 0.06875 0.0921875
0 0.4265625 0.36171875 0.0515625 0.075
0 0.4328125 0.4265625 0.0640625 0.0609375