0 0.853125 0.10390625 0.0765625 0.1265625
0 0.75 0.65625 0.0609375 0.090625
0 0.42109375 0.77421875 0.0890625 0.103125
0 0.4421875 0.54140625 0.046875 0.1
0 0.4484375 0.05234375 0.0546875 0.0703125
0 0.49453125 0.0625 0.05625 0.059375
0 0.321875 0.15625 0.059375 0.0828125
0 0.22578125 0.21953125 0.0328125 0.071875
0 0.140625 0.26484375 0.0359375 0.06875
0 0.1203125 0.34375 0.0515625 0.046875
0 0.16796875 0.3859375 0.0375 0.084375
0 0.2109375 0.4578125 0.0265625 0.0640625
0 0.23984375 0.44375 0.0328125 0.0734375
0 0.27734375 0.4453125 0.046875 0.078125
0 0.3265625 0.31484375 0.0515625 0.0671875
0 0.409375 0.32421875 0.0390625 0.06875
0 0.42109375 0.13984375 0.0359375 0.071875
0 0.35859375 0.0984375 0.05 0.0515625
0 0.45390625 0.315625 0.0484375 0.0671875
0 0.28203125 0.3375 0.0359375 0.08125
0 0.24765625 0.3015625 0.0390625 0.075
0 0.2484375 0.62421875 0.0375 0.1015625
0 0.2734375 0.6171875 0.0484375 0.09375
0 0.475 0.14453125 0.040625 0.0484375
0 0.4421875 0.14375 0.04375 0.065625
0 0.409375 0.215625 0.05 0.0453125
0 0.39296875 0.2796875 0.03125 0.0640625
0 0.3421875 0.21328125 0.034375 0.0625
0 0.35078125 0.35234375 0.0546875 0.0484375
0 0.31171875 0.36015625 0.0328125 0.071875
0 0.31640625 0.4359375 0.0515625 0.0453125
0 0.26640625 0.2484375 0.05 0.0515625
0 0.35546875 0.24453125 0.04375 0.0625
0 0.37265625 0.21484375 0.0234375 0.0515625
0 0.421875 0.2515625 0.05625 0.04375