0 0.340625 0.86796875 0.11875 0.1
0 0.7625 0.8265625 0.1109375 0.0640625
0 0.6328125 0.475 0.084375 0.0640625
0 0.7109375 0.20703125 0.078125 0.071875
0 0.55 0.12734375 0.203125 0.0984375
0 0.096875 0.8140625 0.1265625 0.1421875
0 0.86796875 0.42578125 0.071875 0.0828125
0 0.59375 0.53515625 0.0765625 0.0875
0 0.5515625 0.67421875 0.075 0.05625
0 0.6109375 0.67578125 0.0765625 0.05
0 0.503125 0.70625 0.05625 0.078125
0 0.365625 0.61328125 0.0875 0.0640625
0 0.4453125 0.62734375 0.0671875 0.0546875
0 0.53046875 0.4125 0.078125 0.0796875
0 0.5125 0.4640625 0.0640625 0.0421875
0 0.4828125 0.4890625 0.075 0.05
0 0.4546875 0.515625 0.065625 0.0515625
0 0.4140625 0.51328125 0.0625 0.0578125
0 0.3546875 0.48984375 0.0625 0.075
0 0.32890625 0.4453125 0.06875 0.05
0 0.29609375 0.3546875 0.0515625 0.0484375
0 0.340625 0.3875 0.0640625 0.0890625
0 0.38359375 0.39453125 0.046875 0.0734375
0 0.41171875 0.45390625 0.0609375 0.0578125