0 0.60234375 0.37109375 0.0546875 0.0578125
0 0.55703125 0.40859375 0.0546875 0.075
0 0.54609375 0.3328125 0.071875 0.0828125
0 0.43125 0.28828125 0.0734375 0.0515625
0 0.42421875 0.24140625 0.05 0.05
0 0.38671875 0.32890625 0.075 0.053125
0 0.33046875 0.45234375 0.0515625 0.0671875
0 0.33125 0.50625 0.0640625 0.053125
0 0.27734375 0.534375 0.0640625 0.075
0 0.2375 0.575 0.0625 0.078125
0 0.2578125 0.63515625 0.0546875 0.096875
0 0.29453125 0.66171875 0.071875 0.06875
0 0.21484375 0.67109375 0.0625 0.1
0 0.471875 0.575 0.078125 0.0609375
0 0.37734375 0.58359375 0.0484375 0.04375
0 0.40078125 0.5578125 0.04375 0.0328125
0 0.396875 0.53359375 0.0671875 0.0421875
0 0.4640625 0.521875 0.053125 0.04375
0 0.415625 0.4359375 0.0640625 0.0609375
0 0.38828125 0.4609375 0.0578125 0.071875
0 0.446875 0.39375 0.053125 0.065625
0 0.47734375 0.36328125 0.065625 0.05625
0 0.496875 0.44375 0.0546875 0.05
0 0.5109375 0.3890625 0.0484375 0.06875
0 0.45546875 0.48515625 0.0734375 0.0515625
0 0.2984375 0.21640625 0.0625 0.0796875
0 0.0625 0.271875 0.0578125 0.0859375