0 0.1578125 0.290625 0.0859375 0.1078125
0 0.13984375 0.71484375 0.05 0.1046875
0 0.50625 0.63515625 0.053125 0.07734375
0 0.7609375 0.75 0.06171875 0.0703125
0 0.86171875 0.6015625 0.071875 0.1953125
0 0.2453125 0.05703125 0.128125 0.11015625
0 0.521875 0.875 0.075 0.06171875
0 0.45234375 0.58828125 0.0796875 0.06484375
0 0.3203125 0.5265625 0.04765625 0.06875
0 0.31015625 0.58515625 0.040625 0.07109375
0 0.2953125 0.47421875 0.071875 0.04609375
0 0.40625 0.35078125 0.053125 0.08125
0 0.38125 0.428125 0.046875 0.0609375
0 0.5828125 0.5421875 0.0703125 0.06875
0 0.53359375 0.5171875 0.03515625 0.06015625
0 0.51328125 0.484375 0.040625 0.0703125
0 0.490625 0.453125 0.04375 0.059375
0 0.4984375 0.41328125 0.04921875 0.05703125
0 0.53046875 0.3578125 0.06875 0.053125
0 0.578125 0.33828125 0.0421875 0.0640625
0 0.67265625 0.31796875 0.0421875 0.04765625
0 0.63359375 0.3578125 0.0828125 0.053125
0 0.6203125 0.39921875 0.06796875 0.03828125
0 0.5578125 0.41875 0.05078125 0.0546875