0 0.94453125 0.77890625 0.1109375 0.0671875
0 0.3890625 0.7734375 0.0875 0.05625
0 0.21640625 0.4703125 0.0984375 0.0828125
0 0.44921875 0.45 0.0984375 0.040625
0 0.93203125 0.371875 0.06875 0.05
0 0.9296875 0.41875 0.05625 0.053125
0 0.8078125 0.26484375 0.0796875 0.0546875
0 0.72890625 0.18125 0.0703125 0.028125
0 0.66953125 0.10546875 0.0671875 0.03125
0 0.5875 0.0984375 0.0453125 0.0484375
0 0.5546875 0.153125 0.0828125 0.0328125
0 0.490625 0.2078125 0.0640625 0.021875
0 0.51015625 0.234375 0.071875 0.028125
0 0.515625 0.271875 0.075 0.040625
0 0.65234375 0.296875 0.0640625 0.046875
0 0.65703125 0.3796875 0.0671875 0.034375
0 0.840625 0.36015625 0.0703125 0.03125
0 0.87109375 0.29140625 0.0484375 0.0484375
0 0.6734375 0.42265625 0.0640625 0.04375
0 0.621875 0.25703125 0.0796875 0.03125
0 0.6515625 0.21640625 0.0734375 0.034375
0 0.334375 0.27421875 0.1015625 0.0296875
0 0.3453125 0.296875 0.0921875 0.0421875
0 0.84609375 0.4140625 0.0453125 0.0375
0 0.84140625 0.38125 0.0625 0.0390625
0 0.7640625 0.36171875 0.0421875 0.046875
0 0.6984375 0.35625 0.0625 0.0265625
0 0.75546875 0.2953125 0.0609375 0.03125
0 0.61953125 0.32734375 0.0453125 0.0515625
0 0.6046875 0.290625 0.0703125 0.028125
0 0.53125 0.30859375 0.04375 0.0484375
0 0.70703125 0.2265625 0.0484375 0.0484375
0 0.7265625 0.3140625 0.059375 0.040625
0 0.75859375 0.325 0.0515625 0.0203125
0 0.73046875 0.3796875 0.040625 0.053125