0 0.35 0.43203125 0.0484375 0.04296875
0 0.39765625 0.46640625 0.0671875 0.0390625
0 0.3265625 0.49609375 0.07109375 0.05625
0 0.3109375 0.61796875 0.0375 0.06484375
0 0.2671875 0.6359375 0.03984375 0.0421875
0 0.36171875 0.6515625 0.03828125 0.06953125
0 0.49453125 0.67578125 0.05859375 0.0390625
0 0.546875 0.6625 0.03984375 0.05546875
0 0.5875 0.7078125 0.0640625 0.05078125
0 0.63671875 0.73671875 0.06953125 0.046875
0 0.68984375 0.70234375 0.09140625 0.03515625
0 0.70625 0.66015625 0.05703125 0.059375
0 0.73515625 0.73515625 0.0921875 0.03984375
0 0.5796875 0.509375 0.0453125 0.06953125
0 0.6109375 0.5984375 0.03515625 0.040625
0 0.5796875 0.58203125 0.0234375 0.0390625
0 0.5578125 0.5921875 0.02734375 0.06171875
0 0.5296875 0.5296875 0.0328125 0.04609375
0 0.45859375 0.59765625 0.04921875 0.05390625
0 0.4890625 0.61796875 0.06171875 0.04296875
0 0.41015625 0.57734375 0.0578125 0.040625
0 0.37265625 0.55546875 0.04453125 0.05546875
0 0.44609375 0.51640625 0.03984375 0.04765625
0 0.38984375 0.51640625 0.06171875 0.03515625
0 0.49609375 0.546875 0.0375 0.06640625
0 0.2734375 0.7640625 0.0703125 0.04765625
0 0.384375 0.9796875 0.07890625 0.03984375