0 0.37109375 0.39765625 0.0578125 0.0546875
0 0.40859375 0.44296875 0.075 0.0546875
0 0.3328125 0.45390625 0.0828125 0.071875
0 0.28828125 0.56875 0.0515625 0.0734375
0 0.24140625 0.57578125 0.05 0.05
0 0.32890625 0.61328125 0.053125 0.075
0 0.45234375 0.66953125 0.0671875 0.0515625
0 0.50625 0.66875 0.053125 0.0640625
0 0.534375 0.72265625 0.075 0.0640625
0 0.575 0.7625 0.078125 0.0625
0 0.63515625 0.7421875 0.096875 0.0546875
0 0.66171875 0.70546875 0.06875 0.071875
0 0.67109375 0.78515625 0.1 0.0625
0 0.575 0.528125 0.0609375 0.078125
0 0.58359375 0.62265625 0.04375 0.0484375
0 0.5578125 0.59921875 0.0328125 0.04375
0 0.53359375 0.603125 0.0421875 0.0671875
0 0.521875 0.5359375 0.04375 0.053125
0 0.4359375 0.584375 0.0609375 0.0640625
0 0.4609375 0.61171875 0.071875 0.0578125
0 0.39375 0.553125 0.065625 0.053125
0 0.36328125 0.52265625 0.05625 0.065625
0 0.44375 0.503125 0.05 0.0546875
0 0.3890625 0.4890625 0.06875 0.0484375
0 0.48515625 0.54453125 0.0515625 0.0734375
0 0.21640625 0.7015625 0.0796875 0.0625
0 0.271875 0.9375 0.0859375 0.0578125