0 0.80234375 0.0640625 0.06171875 0.1203125
0 0.7671875 0.625 0.0515625 0.084375
0 0.45546875 0.78203125 0.078125 0.09296875
0 0.44765625 0.5484375 0.0359375 0.09765625
0 0.39453125 0.06171875 0.04609375 0.06640625
0 0.44140625 0.06640625 0.04921875 0.05390625
0 0.28125 0.18046875 0.05078125 0.0765625
0 0.19375 0.2546875 0.02421875 0.06953125
0 0.11484375 0.31015625 0.02890625 0.06640625
0 0.10390625 0.39140625 0.04609375 0.0421875
0 0.15625 0.42734375 0.028125 0.08046875
0 0.2078125 0.49375 0.01953125 0.06328125
0 0.23515625 0.47578125 0.02421875 0.0703125
0 0.27265625 0.47265625 0.0375 0.0734375
0 0.30546875 0.3375 0.04296875 0.0625
0 0.38828125 0.33671875 0.03203125 0.06640625
0 0.378125 0.15234375 0.02890625 0.06796875
0 0.3109375 0.11875 0.0453125 0.04765625
0 0.43203125 0.32265625 0.04140625 0.06328125
0 0.2640625 0.365625 0.0265625 0.07890625
0 0.225 0.33359375 0.03125 0.071875
0 0.265625 0.65390625 0.025 0.1
0 0.2890625 0.64375 0.03828125 0.090625
0 0.43203125 0.15 0.0359375 0.04375
0 0.39921875 0.153125 0.0359375 0.0609375
0 0.37578125 0.22890625 0.0453125 0.03984375
0 0.3671875 0.29453125 0.0234375 0.0609375
0 0.30859375 0.234375 0.028125 0.059375
0 0.33359375 0.371875 0.05078125 0.0421875
0 0.29609375 0.384375 0.02578125 0.06796875
0 0.31015625 0.45859375 0.04765625 0.03984375
0 0.2375 0.27890625 0.0453125 0.046875
0 0.32578125 0.2640625 0.0375 0.0578125
0 0.3390625 0.2328125 0.0171875 0.05078125
0 0.3921875 0.26328125 0.0515625 0.03671875