0 0.86015625 0.465625 0.121875 0.0953125
0 0.73984375 0.26875 0.0890625 0.06875
0 0.6640625 0.5234375 0.0984375 0.0625
0 0.62890625 0.5890625 0.09375 0.071875
0 0.55 0.74140625 0.0984375 0.0765625
0 0.421875 0.68671875 0.05625 0.05625
0 0.3953125 0.721875 0.0671875 0.04375
0 0.34140625 0.73046875 0.05 0.0796875
0 0.3171875 0.77578125 0.0671875 0.08125
0 0.30703125 0.62890625 0.0671875 0.0703125
0 0.37421875 0.65703125 0.0578125 0.0390625
0 0.425 0.61796875 0.05 0.0453125
0 0.3765625 0.60625 0.0609375 0.0625
0 0.32890625 0.5390625 0.0734375 0.05625
0 0.3515625 0.575 0.0671875 0.0546875
0 0.33984375 0.4875 0.06875 0.06875
0 0.465625 0.54453125 0.0734375 0.08125
0 0.38203125 0.51796875 0.0578125 0.0859375
0 0.48828125 0.48125 0.0921875 0.059375
0 0.42578125 0.18515625 0.065625 0.075
0 0.48671875 0.24140625 0.059375 0.0703125
0 0.47265625 0.30546875 0.0640625 0.0421875
0 0.46796875 0.3453125 0.0640625 0.06875
0 0.484375 0.42890625 0.0578125 0.0375
0 0.44765625 0.396875 0.059375 0.0703125
0 0.421875 0.44765625 0.0515625 0.0609375
0 0.35859375 0.40625 0.0578125 0.0828125
0 0.31328125 0.3984375 0.05625 0.05625
0 0.32265625 0.3125 0.0671875 0.084375
0 0.25 0.3359375 0.05625 0.0609375