0 0.45234375 0.23125 0.075 0.07109375
0 0.86953125 0.18125 0.059375 0.10078125
0 0.971875 0.2 0.05625 0.0421875
0 0.66875 0.3109375 0.053125 0.06171875
0 0.553125 0.31015625 0.046875 0.1
0 0.6109375 0.37109375 0.06171875 0.06015625
0 0.553125 0.421875 0.06015625 0.05078125
0 0.4734375 0.3171875 0.0390625 0.0703125
0 0.3890625 0.44296875 0.0421875 0.071875
0 0.29296875 0.4703125 0.0640625 0.065625
0 0.3265625 0.5359375 0.05078125 0.0640625
0 0.47734375 0.5296875 0.03671875 0.07421875
0 0.45 0.6140625 0.06171875 0.06171875
0 0.3828125 0.6578125 0.04765625 0.06796875
0 0.5078125 0.63515625 0.046875 0.07734375
0 0.5234375 0.5703125 0.075 0.05
0 0.59921875 0.5578125 0.046875 0.071875
0 0.515625 0.48359375 0.0421875 0.06328125
0 0.46953125 0.45703125 0.059375 0.05390625
0 0.48359375 0.3984375 0.06484375 0.04296875
0 0.4359375 0.88125 0.05 0.07109375
0 0.346875 0.86328125 0.05078125 0.06875
0 0.36953125 0.51875 0.0546875 0.06328125