0 0.58515625 0.1484375 0.0859375 0.1171875
0 0.359375 0.19765625 0.0625 0.0859375
0 0.57578125 0.35234375 0.05625 0.0953125
0 0.6265625 0.40703125 0.065625 0.090625
0 0.74375 0.53125 0.0703125 0.09375
0 0.65078125 0.63515625 0.0515625 0.0515625
0 0.67578125 0.67109375 0.0390625 0.065625
0 0.665625 0.725 0.0765625 0.0453125
0 0.7015625 0.7625 0.078125 0.0609375
0 0.559375 0.72421875 0.065625 0.0625
0 0.6078125 0.66953125 0.034375 0.05625
0 0.5875 0.609375 0.0421875 0.0484375
0 0.56015625 0.6515625 0.059375 0.0578125
0 0.48125 0.675 0.0515625 0.0703125
0 0.521875 0.66484375 0.05 0.0640625
0 0.4359375 0.646875 0.0640625 0.0640625
0 0.53125 0.546875 0.0765625 0.0671875
0 0.47890625 0.6171875 0.0828125 0.0515625
0 0.478125 0.50546875 0.053125 0.090625
0 0.178125 0.4671875 0.071875 0.0609375
0 0.2515625 0.42890625 0.0671875 0.0546875
0 0.30703125 0.4625 0.0375 0.0625
0 0.34375 0.4796875 0.065625 0.059375
0 0.428125 0.4921875 0.0328125 0.05625
0 0.38515625 0.515625 0.0671875 0.0546875
0 0.425 0.55703125 0.0578125 0.046875
0 0.365625 0.603125 0.0796875 0.053125
0 0.34296875 0.64375 0.0515625 0.0515625
0 0.26484375 0.60625 0.08125 0.0625
0 0.26328125 0.6828125 0.05625 0.053125