0 0.37109375 0.27578125 0.04609375 0.115625
0 0.3 0.2078125 0.046875 0.05
0 0.38515625 0.16875 0.04609375 0.04609375
0 0.51171875 0.22109375 0.05625 0.04765625
0 0.91015625 0.240625 0.1 0.09921875
0 0.55 0.58046875 0.0796875 0.08828125
0 0.33203125 0.72890625 0.05 0.08828125
0 0.18046875 0.5296875 0.03671875 0.07109375
0 0.221875 0.50390625 0.021875 0.0625
0 0.09765625 0.43984375 0.04765625 0.04609375
0 0.1015625 0.36640625 0.03515625 0.0546875
0 0.20078125 0.31015625 0.02734375 0.0765625
0 0.17109375 0.39453125 0.02578125 0.07734375
0 0.24921875 0.39296875 0.04375 0.0828125
0 0.30234375 0.38984375 0.04375 0.0421875
0 0.3734375 0.38984375 0.0328125 0.053125
0 0.41875 0.384375 0.03359375 0.05859375
0 0.34375 0.44921875 0.03671875 0.07109375
0 0.62890625 0.83671875 0.0578125 0.12109375
0 0.27578125 0.50546875 0.02265625 0.05859375
0 0.1875 0.590625 0.046875 0.04765625
0 0.2328125 0.4265625 0.0546875 0.0515625
0 0.284375 0.2609375 0.025 0.06953125
0 0.35390625 0.35546875 0.028125 0.06796875
0 0.41953125 0.57890625 0.05390625 0.06015625
0 0.12734375 0.62109375 0.0515625 0.05546875
0 0.2875 0.34140625 0.03359375 0.05078125
0 0.3203125 0.34765625 0.03515625 0.05234375
0 0.29453125 0.30234375 0.03046875 0.0328125
0 0.25703125 0.64140625 0.028125 0.05546875
0 0.215625 0.6375 0.0296875 0.04296875
0 0.190625 0.70703125 0.03359375 0.05703125
0 0.23046875 0.72734375 0.04609375 0.04375