0 0.75 0.43359375 0.1234375 0.075
0 0.834375 0.3828125 0.0609375 0.0578125
0 0.85 0.475 0.0578125 0.0578125
0 0.76640625 0.58359375 0.059375 0.0671875
0 0.64375 0.95078125 0.121875 0.0984375
0 0.409375 0.52734375 0.1046875 0.1
0 0.32265625 0.278125 0.096875 0.0703125
0 0.55390625 0.18359375 0.0796875 0.0546875
0 0.56796875 0.23046875 0.065625 0.0375
0 0.6625 0.1265625 0.0578125 0.0578125
0 0.73203125 0.15 0.0625 0.046875
0 0.7609375 0.26015625 0.08125 0.046875
0 0.68671875 0.209375 0.08125 0.04375
0 0.66796875 0.28515625 0.090625 0.0640625
0 0.6578125 0.3375 0.0515625 0.053125
0 0.6390625 0.40625 0.059375 0.0453125
0 0.6328125 0.4515625 0.065625 0.0484375
0 0.58984375 0.3625 0.0796875 0.0546875
0 0.14140625 0.5375 0.1328125 0.0875
0 0.553125 0.28203125 0.0625 0.0359375
0 0.49296875 0.175 0.0578125 0.0578125
0 0.63984375 0.2609375 0.0640625 0.065625
0 0.78671875 0.35390625 0.0734375 0.0421875
0 0.67734375 0.39609375 0.0734375 0.0453125
0 0.44453125 0.4015625 0.071875 0.0671875
0 0.4796875 0.10859375 0.0671875 0.0640625
0 0.7078125 0.3359375 0.0578125 0.046875
0 0.69375 0.365625 0.0609375 0.046875
0 0.74375 0.35234375 0.0390625 0.0390625
0 0.4265625 0.22890625 0.0609375 0.0421875
0 0.440625 0.18984375 0.05 0.040625
0 0.38046875 0.14765625 0.0625 0.0484375
0 0.35 0.18046875 0.0546875 0.05625