0 0.38671875 0.2671875 0.0546875 0.11875
0 0.32109375 0.19453125 0.05 0.053125
0 0.40859375 0.16171875 0.05 0.05
0 0.53125 0.22265625 0.059375 0.05
0 0.92734375 0.26953125 0.10625 0.10625
0 0.54453125 0.58359375 0.0859375 0.0921875
0 0.31640625 0.71640625 0.05625 0.090625
0 0.17890625 0.50703125 0.0421875 0.075
0 0.22265625 0.484375 0.0265625 0.0640625
0 0.103125 0.41171875 0.05 0.05
0 0.11171875 0.3390625 0.0375 0.05625
0 0.21484375 0.28984375 0.0328125 0.078125
0 0.17890625 0.371875 0.0296875 0.0796875
0 0.25703125 0.37578125 0.05 0.0859375
0 0.31015625 0.3765625 0.046875 0.0453125
0 0.38125 0.38125 0.0359375 0.0546875
0 0.42734375 0.37890625 0.0390625 0.0609375
0 0.34765625 0.43828125 0.0421875 0.075
0 0.60546875 0.84453125 0.065625 0.125
0 0.27578125 0.48984375 0.0265625 0.0609375
0 0.18203125 0.56875 0.05 0.05
0 0.23828125 0.4078125 0.0578125 0.0546875
0 0.3015625 0.24609375 0.0296875 0.0703125
0 0.3640625 0.3453125 0.0328125 0.0703125
0 0.4140625 0.5734375 0.0578125 0.0625
0 0.11953125 0.59453125 0.0546875 0.059375
0 0.29921875 0.32734375 0.0375 0.0515625
0 0.33125 0.33515625 0.0375 0.0546875
0 0.30859375 0.28828125 0.0328125 0.034375
0 0.24765625 0.62421875 0.03125 0.0578125
0 0.20703125 0.6171875 0.0328125 0.0453125
0 0.1765625 0.68515625 0.0375 0.0578125
0 0.215625 0.7078125 0.05 0.046875