0 0.25078125 0.6109375 0.0875 0.090625
0 0.1015625 0.21875 0.1109375 0.08125
0 0.09453125 0.11484375 0.0546875 0.0640625
0 0.27578125 0.38203125 0.0734375 0.0671875
0 0.303125 0.49453125 0.1078125 0.0703125
0 0.3484375 0.4234375 0.0734375 0.075
0 0.41171875 0.4671875 0.0625 0.0703125
0 0.32890625 0.5703125 0.078125 0.0546875
0 0.471875 0.62109375 0.0796875 0.0578125
0 0.52109375 0.7078125 0.0796875 0.078125
0 0.5765625 0.659375 0.075 0.0640625
0 0.534375 0.51484375 0.08125 0.0546875
0 0.62265625 0.52109375 0.075 0.075
0 0.68125 0.57578125 0.078125 0.0625
0 0.62890625 0.459375 0.0875 0.0640625
0 0.5625 0.46015625 0.0671875 0.084375
0 0.53203125 0.38984375 0.08125 0.0625
0 0.48046875 0.4890625 0.0703125 0.05625
0 0.465625 0.53984375 0.065625 0.0703125
0 0.40546875 0.540625 0.0578125 0.075
0 0.88515625 0.4703125 0.08125 0.065625
0 0.88984375 0.5609375 0.0796875 0.0671875
0 0.55 0.621875 0.0734375 0.06875