0 0.7703125 0.46171875 0.075 0.078125
0 0.80546875 0.88046875 0.1015625 0.0625
0 0.7828125 0.9765625 0.04375 0.046875
0 0.6828125 0.675 0.0640625 0.0546875
0 0.6875 0.559375 0.1015625 0.05
0 0.625 0.615625 0.0609375 0.0640625
0 0.5765625 0.55546875 0.0515625 0.0609375
0 0.68359375 0.4796875 0.071875 0.0421875
0 0.5609375 0.39140625 0.0734375 0.0453125
0 0.53671875 0.29375 0.0671875 0.065625
0 0.4703125 0.32578125 0.065625 0.0515625
0 0.47109375 0.4765625 0.0765625 0.040625
0 0.3875 0.44609375 0.0640625 0.0640625
0 0.34609375 0.37734375 0.0703125 0.05
0 0.36484375 0.503125 0.0796875 0.05
0 0.42890625 0.52109375 0.053125 0.0765625
0 0.4390625 0.596875 0.0734375 0.05
0 0.515625 0.51640625 0.0640625 0.04375
0 0.54375 0.47109375 0.0546875 0.0609375
0 0.60234375 0.4875 0.0453125 0.0671875
0 0.12109375 0.42265625 0.0734375 0.053125
0 0.1421875 0.334375 0.0703125 0.053125
0 0.4859375 0.36875 0.0640625 0.05625