0 0.54140625 0.140625 0.0734375 0.10859375
0 0.3234375 0.2171875 0.05234375 0.0796875
0 0.55703125 0.34453125 0.0453125 0.09140625
0 0.6140625 0.3921875 0.05546875 0.08359375
0 0.74609375 0.5015625 0.05859375 0.08828125
0 0.66640625 0.615625 0.04609375 0.046875
0 0.6953125 0.6484375 0.03046875 0.06171875
0 0.6921875 0.703125 0.0734375 0.0359375
0 0.73203125 0.7359375 0.07265625 0.05390625
0 0.5859375 0.715625 0.05859375 0.05546875
0 0.62734375 0.65546875 0.02734375 0.05390625
0 0.6 0.59765625 0.0375 0.04296875
0 0.578125 0.64296875 0.05234375 0.0515625
0 0.50234375 0.67578125 0.04375 0.065625
0 0.5421875 0.6609375 0.04296875 0.059375
0 0.4546875 0.65390625 0.0578125 0.0578125
0 0.53671875 0.54296875 0.0703125 0.059375
0 0.49296875 0.61875 0.07734375 0.0421875
0 0.47890625 0.5078125 0.0421875 0.0859375
0 0.1765625 0.50703125 0.06484375 0.053125
0 0.24453125 0.459375 0.0625 0.046875
0 0.30390625 0.4859375 0.03203125 0.06015625
0 0.3421875 0.49921875 0.06015625 0.053125
0 0.42734375 0.50078125 0.0265625 0.05234375
0 0.38828125 0.5296875 0.0625 0.04765625
0 0.4328125 0.565625 0.05234375 0.040625
0 0.37890625 0.61875 0.07421875 0.04375
0 0.36171875 0.66171875 0.04765625 0.04609375
0 0.2796875 0.634375 0.07578125 0.05390625
0 0.2875 0.71015625 0.0515625 0.04765625