0 0.89765625 0.56640625 0.103125 0.065625
0 0.8265625 0.61796875 0.0859375 0.0484375
0 0.76640625 0.94609375 0.071875 0.0703125
0 0.71015625 0.4078125 0.075 0.0703125
0 0.71875 0.47265625 0.0625 0.059375
0 0.7515625 0.56171875 0.0921875 0.0484375
0 0.75859375 0.60625 0.0984375 0.0515625
0 0.440625 0.30625 0.065625 0.071875
0 0.4046875 0.33515625 0.0859375 0.0671875
0 0.4109375 0.36484375 0.0828125 0.053125
0 0.41484375 0.39609375 0.090625 0.059375
0 0.425 0.42578125 0.0953125 0.0484375
0 0.32265625 0.1203125 0.115625 0.0640625
0 0.240625 0.09140625 0.1328125 0.090625
0 0.228125 0.50078125 0.1140625 0.06875
0 0.22734375 0.546875 0.0953125 0.0609375
0 0.29375 0.62734375 0.1140625 0.0671875
0 0.56875 0.61171875 0.0546875 0.0546875
0 0.47109375 0.4921875 0.071875 0.0671875
0 0.52265625 0.38828125 0.08125 0.0625
0 0.64765625 0.5828125 0.053125 0.046875
0 0.6046875 0.57109375 0.0671875 0.05625
0 0.52890625 0.48984375 0.084375 0.05625
0 0.6671875 0.4484375 0.059375 0.046875
0 0.24140625 0.76796875 0.090625 0.05625