0 0.4125 0.10625 0.065625 0.103125
0 0.48671875 0.153125 0.0484375 0.0859375
0 0.81328125 0.0859375 0.0703125 0.071875
0 0.3359375 0.3390625 0.0703125 0.075
0 0.3921875 0.3078125 0.059375 0.0625
0 0.46328125 0.24375 0.0484375 0.0921875
0 0.5015625 0.2203125 0.0515625 0.0984375
0 0.3421875 0.62734375 0.071875 0.065625
0 0.3828125 0.65 0.0671875 0.0859375
0 0.4078125 0.63359375 0.053125 0.0828125
0 0.43515625 0.61796875 0.059375 0.090625
0 0.459375 0.596875 0.0484375 0.0953125
0 0.2140625 0.80703125 0.0640625 0.115625
0 0.21875 0.89375 0.090625 0.1328125
0 0.60234375 0.7515625 0.06875 0.1140625
0 0.6453125 0.73515625 0.0609375 0.0953125
0 0.6953125 0.64375 0.0671875 0.1140625
0 0.578125 0.39375 0.0546875 0.0546875
0 0.503125 0.5296875 0.0671875 0.071875
0 0.3875 0.52109375 0.0625 0.08125
0 0.52109375 0.33203125 0.046875 0.053125
0 0.5265625 0.3765625 0.05625 0.0671875
0 0.4796875 0.4765625 0.05625 0.084375
0 0.3890625 0.36484375 0.046875 0.059375
0 0.8453125 0.6390625 0.05625 0.090625