0 0.62578125 0.69765625 0.0765625 0.084375
0 0.24765625 0.72890625 0.065625 0.0765625
0 0.2921875 0.675 0.0546875 0.0609375
0 0.4015625 0.60625 0.0703125 0.0453125
0 0.378125 0.65078125 0.0546875 0.05
0 0.29375 0.5796875 0.0484375 0.0375
0 0.54375 0.49140625 0.0609375 0.0515625
0 0.45234375 0.53984375 0.059375 0.0578125
0 0.5125 0.34375 0.053125 0.065625
0 0.53203125 0.41640625 0.0359375 0.0578125
0 0.4828125 0.39375 0.040625 0.0703125
0 0.40234375 0.36953125 0.0484375 0.05625
0 0.4484375 0.284375 0.0515625 0.0515625
0 0.44453125 0.33515625 0.04375 0.0546875
0 0.371875 0.2796875 0.0515625 0.0578125
0 0.41015625 0.31796875 0.0453125 0.0640625
0 0.3375 0.340625 0.0515625 0.0453125
0 0.3 0.39453125 0.0640625 0.0453125
0 0.25546875 0.2171875 0.0546875 0.05
0 0.2578125 0.16171875 0.0421875 0.0640625
0 0.4296875 0.434375 0.0359375 0.0515625
0 0.37578125 0.48046875 0.0421875 0.0671875
0 0.32890625 0.53984375 0.0609375 0.04375
0 0.48515625 0.4765625 0.0421875 0.0515625
0 0.39375 0.55625 0.0375 0.0484375
0 0.38984375 0.515625 0.0421875 0.0546875
0 0.3265625 0.65546875 0.0421875 0.0703125
0 0.33203125 0.60078125 0.05 0.0484375
0 0.26796875 0.34921875 0.05 0.0828125