0 0.69296875 0.3671875 0.08125 0.0734375
0 0.7375 0.74453125 0.075 0.06171875
0 0.68203125 0.7015625 0.05859375 0.053125
0 0.609375 0.59453125 0.0421875 0.06953125
0 0.6546875 0.61640625 0.0484375 0.053125
0 0.58671875 0.703125 0.0359375 0.04765625
0 0.48984375 0.45625 0.05 0.059375
0 0.54140625 0.54609375 0.05625 0.0578125
0 0.34375 0.49296875 0.0640625 0.0515625
0 0.415625 0.47109375 0.05625 0.03359375
0 0.39453125 0.52109375 0.06875 0.03828125
0 0.37265625 0.60234375 0.0546875 0.046875
0 0.2859375 0.559375 0.05078125 0.05078125
0 0.3375 0.5609375 0.05390625 0.0421875
0 0.284375 0.6359375 0.05625 0.04921875
0 0.32109375 0.59609375 0.06171875 0.04375
0 0.34609375 0.66796875 0.04375 0.04921875
0 0.4015625 0.70390625 0.04453125 0.06171875
0 0.22578125 0.75390625 0.0484375 0.05390625
0 0.1703125 0.75390625 0.06171875 0.040625
0 0.43671875 0.57265625 0.04921875 0.03515625
0 0.48515625 0.625 0.06640625 0.040625
0 0.54609375 0.66953125 0.0421875 0.059375
0 0.47734375 0.515625 0.05 0.040625
0 0.56015625 0.60390625 0.04765625 0.0359375
0 0.51953125 0.609375 0.05234375 0.040625
0 0.66171875 0.66796875 0.06875 0.0390625
0 0.60625 0.6640625 0.04609375 0.0484375
0 0.35703125 0.7375 0.08125 0.046875