0 0.4890625 0.096875 0.0484375 0.0953125
0 0.553125 0.15703125 0.0328125 0.08203125
0 0.88671875 0.153125 0.059375 0.0609375
0 0.36953125 0.3109375 0.059375 0.06640625
0 0.43125 0.290625 0.04921875 0.0546875
0 0.5125 0.24140625 0.0328125 0.08671875
0 0.5546875 0.22578125 0.034375 0.09375
0 0.32109375 0.5953125 0.06328125 0.0546875
0 0.35625 0.625 0.053125 0.0765625
0 0.384375 0.61328125 0.0390625 0.0765625
0 0.4140625 0.603125 0.04296875 0.08515625
0 0.44140625 0.5875 0.03046875 0.090625
0 0.1609375 0.746875 0.04296875 0.11015625
0 0.1484375 0.8328125 0.06796875 0.12265625
0 0.55234375 0.76640625 0.05078125 0.10546875
0 0.59765625 0.75859375 0.0453125 0.08671875
0 0.6640625 0.678125 0.0484375 0.10546875
0 0.596875 0.4109375 0.046875 0.04765625
0 0.49765625 0.5296875 0.05546875 0.0625
0 0.3859375 0.49921875 0.05078125 0.0734375
0 0.553125 0.3390625 0.0390625 0.04609375
0 0.55 0.38359375 0.0453125 0.059375
0 0.484375 0.4734375 0.0421875 0.078125
0 0.4171875 0.34609375 0.03828125 0.053125
0 0.8125 0.70234375 0.04140625 0.08359375