0 0.6328125 0.69296875 0.0734375 0.08125
0 0.25546875 0.7375 0.0625 0.075
0 0.2984375 0.68203125 0.053125 0.059375
0 0.40546875 0.609375 0.06875 0.0421875
0 0.38359375 0.6546875 0.053125 0.0484375
0 0.296875 0.58671875 0.046875 0.0359375
0 0.54375 0.48984375 0.059375 0.05
0 0.45390625 0.54140625 0.0578125 0.05625
0 0.50703125 0.34375 0.0515625 0.0640625
0 0.52890625 0.415625 0.034375 0.05625
0 0.47890625 0.39453125 0.0375 0.06875
0 0.39765625 0.37265625 0.046875 0.0546875
0 0.440625 0.2859375 0.05 0.05
0 0.4390625 0.3375 0.0421875 0.053125
0 0.3640625 0.284375 0.05 0.05625
0 0.40390625 0.32109375 0.04375 0.0625
0 0.33203125 0.34609375 0.05 0.04375
0 0.29609375 0.4015625 0.0625 0.04375
0 0.24609375 0.22578125 0.053125 0.0484375
0 0.24609375 0.1703125 0.040625 0.0625
0 0.42734375 0.43671875 0.034375 0.05
0 0.375 0.48515625 0.040625 0.065625
0 0.33046875 0.54609375 0.059375 0.0421875
0 0.484375 0.47734375 0.040625 0.05
0 0.39609375 0.56015625 0.0359375 0.046875
0 0.390625 0.51953125 0.040625 0.053125
0 0.33203125 0.66171875 0.0390625 0.06875
0 0.3359375 0.60625 0.0484375 0.046875
0 0.2625 0.35703125 0.046875 0.08125