0 0.734375 0.2171875 0.0515625 0.0890625
0 0.709375 0.27578125 0.0609375 0.078125
0 0.62734375 0.334375 0.0625 0.075
0 0.43515625 0.22890625 0.078125 0.121875
0 0.58984375 0.49296875 0.05 0.075
0 0.62578125 0.4765625 0.0515625 0.0453125
0 0.4609375 0.5625 0.046875 0.065625
0 0.3890625 0.6015625 0.084375 0.0578125
0 0.48671875 0.81328125 0.0671875 0.046875
0 0.428125 0.78046875 0.04375 0.06875
0 0.63203125 0.709375 0.05625 0.059375
0 0.2015625 0.6359375 0.053125 0.0734375
0 0.2828125 0.4703125 0.0828125 0.0375
0 0.2859375 0.5265625 0.0421875 0.0625
0 0.34609375 0.51875 0.05 0.059375
0 0.41796875 0.4921875 0.04375 0.0671875
0 0.37578125 0.46796875 0.0453125 0.0390625
0 0.4046875 0.40390625 0.06875 0.0625
0 0.44453125 0.48984375 0.025 0.0515625
0 0.46875 0.475 0.040625 0.0671875
0 0.48515625 0.44453125 0.0328125 0.0546875
0 0.5140625 0.47890625 0.0375 0.0546875
0 0.5421875 0.4265625 0.0640625 0.0484375
0 0.5265625 0.37109375 0.0625 0.05
0 0.48203125 0.37109375 0.028125 0.0703125
0 0.45546875 0.38203125 0.03125 0.0609375