0 0.32890625 0.7421875 0.0609375 0.0515625
0 0.28359375 0.79453125 0.0703125 0.0421875
0 0.25859375 0.75 0.0484375 0.0640625
0 0.26328125 0.67265625 0.05 0.078125
0 0.309375 0.6828125 0.0515625 0.0640625
0 0.2890625 0.59609375 0.059375 0.0453125
0 0.1234375 0.13984375 0.0578125 0.0640625
0 0.18671875 0.17265625 0.0453125 0.075
0 0.2328125 0.20078125 0.04375 0.05
0 0.21875 0.2515625 0.0578125 0.0640625
0 0.34921875 0.2859375 0.05625 0.0703125
0 0.4453125 0.31953125 0.05 0.053125
0 0.5515625 0.421875 0.0828125 0.053125
0 0.503125 0.4734375 0.0703125 0.046875
0 0.43046875 0.4328125 0.0515625 0.0546875
0 0.47265625 0.396875 0.0390625 0.0640625
0 0.39375 0.37109375 0.0421875 0.0640625
0 0.3359375 0.41328125 0.0328125 0.065625
0 0.29921875 0.44921875 0.0546875 0.0546875
0 0.3453125 0.57734375 0.0640625 0.0515625
0 0.459375 0.534375 0.0609375 0.0484375
0 0.31796875 0.49453125 0.0546875 0.053125
0 0.34140625 0.53515625 0.0484375 0.0671875
0 0.35390625 0.4484375 0.04375 0.0515625
0 0.3796875 0.48046875 0.040625 0.0640625
0 0.41328125 0.60078125 0.0453125 0.0484375
0 0.503125 0.346875 0.05625 0.071875
0 0.259375 0.3625 0.0421875 0.0703125