0 0.7359375 0.6796875 0.04921875 0.059375
0 0.78671875 0.7265625 0.03984375 0.06953125
0 0.74140625 0.75 0.06328125 0.046875
0 0.6640625 0.74296875 0.0765625 0.04609375
0 0.67578125 0.696875 0.06171875 0.05078125
0 0.5890625 0.7140625 0.04453125 0.0578125
0 0.1265625 0.8640625 0.0625 0.05625
0 0.16171875 0.8015625 0.0734375 0.0421875
0 0.19140625 0.75625 0.0484375 0.0421875
0 0.2421875 0.77265625 0.0625 0.05625
0 0.28046875 0.64296875 0.06796875 0.05390625
0 0.31796875 0.5484375 0.0515625 0.0484375
0 0.4234375 0.44609375 0.05 0.08125
0 0.4734375 0.49609375 0.04375 0.06875
0 0.43046875 0.5671875 0.05390625 0.05078125
0 0.39609375 0.5234375 0.06171875 0.0375
0 0.3671875 0.6015625 0.06171875 0.040625
0 0.4078125 0.6609375 0.0640625 0.03203125
0 0.4421875 0.69921875 0.05234375 0.05234375
0 0.571875 0.65703125 0.04921875 0.06171875
0 0.5328125 0.54140625 0.04765625 0.06015625
0 0.48828125 0.68203125 0.0515625 0.053125
0 0.5296875 0.659375 0.06484375 0.04609375
0 0.44296875 0.64453125 0.05 0.0421875
0 0.4765625 0.61953125 0.06171875 0.0390625
0 0.59765625 0.58984375 0.04765625 0.04296875
0 0.346875 0.49140625 0.0703125 0.053125
0 0.35390625 0.7359375 0.06875 0.0390625