0 0.7609375 0.41328125 0.0515625 0.0484375
0 0.72265625 0.43359375 0.0484375 0.0734375
0 0.83046875 0.7703125 0.0609375 0.0421875
0 0.89765625 0.95234375 0.0921875 0.0515625
0 0.553125 0.51875 0.0625 0.0625
0 0.640625 0.36484375 0.071875 0.06875
0 0.40390625 0.153125 0.06875 0.0453125
0 0.36953125 0.109375 0.0609375 0.053125
0 0.42578125 0.1828125 0.0578125 0.0484375
0 0.46796875 0.23984375 0.0640625 0.04375
0 0.4046875 0.2453125 0.06875 0.040625
0 0.10859375 0.28671875 0.0984375 0.04375
0 0.1546875 0.159375 0.0578125 0.0453125
0 0.259375 0.36640625 0.08125 0.0578125
0 0.25078125 0.28828125 0.05 0.0609375
0 0.19453125 0.7046875 0.0640625 0.06875
0 0.4109375 0.68125 0.0390625 0.053125
0 0.45234375 0.37578125 0.0578125 0.0484375
0 0.525 0.39375 0.0546875 0.0328125
0 0.525 0.36484375 0.053125 0.0265625
0 0.5421875 0.22734375 0.0578125 0.0484375
0 0.53203125 0.18359375 0.0484375 0.0515625
0 0.50234375 0.14296875 0.040625 0.05625
0 0.453125 0.10703125 0.05 0.0671875
0 0.490625 0.27265625 0.0546875 0.05
0 0.44921875 0.33671875 0.0671875 0.059375
0 0.4125 0.28984375 0.0703125 0.0359375
0 0.4875 0.4625 0.06875 0.06875
0 0.60859375 0.31015625 0.0640625 0.040625
0 0.7375 0.9734375 0.059375 0.046875
0 0.3984375 0.60859375 0.053125 0.0375
0 0.26640625 0.43984375 0.059375 0.04375
0 0.31953125 0.18671875 0.0625 0.0375