0 0.38671875 0.24921875 0.04453125 0.046875
0 0.4109375 0.28515625 0.0703125 0.03984375
0 0.734375 0.14296875 0.0359375 0.0578125
0 0.90859375 0.05703125 0.0421875 0.08828125
0 0.51328125 0.4453125 0.05703125 0.05546875
0 0.35078125 0.37421875 0.06328125 0.065625
0 0.16484375 0.63203125 0.0390625 0.06484375
0 0.125 0.6703125 0.04765625 0.05546875
0 0.1921875 0.60703125 0.04453125 0.053125
0 0.24453125 0.559375 0.03828125 0.0609375
0 0.25625 0.62109375 0.034375 0.065625
0 0.32890625 0.91171875 0.034375 0.0953125
0 0.19765625 0.87890625 0.0390625 0.0546875
0 0.3921875 0.753125 0.05 0.0765625
0 0.315625 0.7703125 0.05625 0.04296875
0 0.73515625 0.7828125 0.06328125 0.0578125
0 0.68984375 0.56953125 0.05078125 0.03515625
0 0.38125 0.56015625 0.04453125 0.053125
0 0.39140625 0.4859375 0.02890625 0.0515625
0 0.36328125 0.4890625 0.02265625 0.0515625
0 0.22421875 0.48671875 0.04453125 0.053125
0 0.18203125 0.5015625 0.046875 0.04375
0 0.14453125 0.53515625 0.053125 0.0359375
0 0.1140625 0.5875 0.0625 0.04296875
0 0.275 0.5328125 0.0453125 0.04921875
0 0.34296875 0.5671875 0.05390625 0.06328125
0 0.3 0.609375 0.0296875 0.0671875
0 0.4640625 0.51640625 0.0625 0.06328125
0 0.3 0.41171875 0.034375 0.0609375
0 0.94609375 0.2140625 0.03984375 0.0546875
0 0.61875 0.58984375 0.0328125 0.05
0 0.46484375 0.73828125 0.03828125 0.05625
0 0.20703125 0.7125 0.03046875 0.06015625