0 0.29296875 0.19609375 0.0953125 0.065625
0 0.3421875 0.23671875 0.0859375 0.0734375
0 0.37578125 0.33203125 0.0828125 0.0734375
0 0.22109375 0.4875 0.13125 0.096875
0 0.51796875 0.41171875 0.08125 0.0625
0 0.51171875 0.37265625 0.053125 0.0578125
0 0.54921875 0.5546875 0.071875 0.0578125
0 0.56640625 0.63515625 0.0703125 0.090625
0 0.79765625 0.59921875 0.0578125 0.0734375
0 0.75 0.646875 0.075 0.0546875
0 0.7375 0.43046875 0.0671875 0.0640625
0 0.5484375 0.825 0.0796875 0.0640625
0 0.4109375 0.70078125 0.05 0.0859375
0 0.4671875 0.7125 0.06875 0.0515625
0 0.47578125 0.653125 0.065625 0.0578125
0 0.4703125 0.5765625 0.0734375 0.0546875
0 0.43515625 0.6109375 0.046875 0.0515625
0 0.38125 0.56484375 0.071875 0.0765625
0 0.475 0.55 0.053125 0.0328125
0 0.4671875 0.52265625 0.071875 0.0515625
0 0.4421875 0.4984375 0.0578125 0.040625
0 0.48359375 0.48125 0.059375 0.0453125
0 0.44140625 0.4390625 0.0578125 0.0703125
0 0.38359375 0.43828125 0.059375 0.06875
0 0.37109375 0.48125 0.071875 0.0390625
0 0.37421875 0.51015625 0.0640625 0.040625