0 0.30859375 0.7265625 0.0625 0.053125
0 0.25859375 0.77421875 0.0703125 0.0421875
0 0.2375 0.728125 0.05 0.065625
0 0.2484375 0.65078125 0.0515625 0.0796875
0 0.29453125 0.665625 0.053125 0.065625
0 0.28125 0.578125 0.059375 0.046875
0 0.15625 0.1078125 0.059375 0.065625
0 0.21640625 0.14609375 0.0453125 0.075
0 0.26015625 0.178125 0.0453125 0.05
0 0.24140625 0.228125 0.059375 0.065625
0 0.36875 0.2734375 0.05625 0.071875
0 0.4609375 0.315625 0.0515625 0.0546875
0 0.5578125 0.4265625 0.084375 0.0546875
0 0.50546875 0.4734375 0.0703125 0.046875
0 0.43671875 0.42734375 0.053125 0.05625
0 0.48203125 0.3953125 0.040625 0.0640625
0 0.40546875 0.36171875 0.04375 0.0640625
0 0.34375 0.39921875 0.034375 0.065625
0 0.30390625 0.43203125 0.05625 0.05625
0 0.3390625 0.56328125 0.065625 0.053125
0 0.45703125 0.53046875 0.0625 0.05
0 0.31875 0.47890625 0.05625 0.0546875
0 0.3390625 0.52109375 0.05 0.06875
0 0.35859375 0.43515625 0.0453125 0.0515625
0 0.38203125 0.4703125 0.0421875 0.0640625
0 0.40546875 0.59296875 0.046875 0.0484375
0 0.51640625 0.34765625 0.05625 0.0734375
0 0.271875 0.34140625 0.0421875 0.0703125