0 0.74921875 0.2296875 0.04765625 0.08671875
0 0.72109375 0.28671875 0.0578125 0.07421875
0 0.6359375 0.34140625 0.06015625 0.071875
0 0.44921875 0.22578125 0.07109375 0.11796875
0 0.58984375 0.49765625 0.04609375 0.07265625
0 0.6265625 0.4828125 0.04921875 0.0421875
0 0.4578125 0.56015625 0.04375 0.0640625
0 0.38359375 0.5953125 0.08125 0.05234375
0 0.4703125 0.8125 0.06484375 0.04296875
0 0.41328125 0.7765625 0.03984375 0.0671875
0 0.62109375 0.715625 0.05234375 0.05703125
0 0.19453125 0.6203125 0.04921875 0.0703125
0 0.284375 0.45859375 0.08125 0.0328125
0 0.28515625 0.515625 0.0390625 0.0609375
0 0.3453125 0.5109375 0.04609375 0.05703125
0 0.41875 0.48828125 0.040625 0.065625
0 0.37734375 0.46171875 0.04296875 0.03828125
0 0.41015625 0.39921875 0.065625 0.06015625
0 0.4453125 0.48671875 0.021875 0.05078125
0 0.4703125 0.4734375 0.03828125 0.065625
0 0.48828125 0.44375 0.0296875 0.05234375
0 0.51484375 0.4796875 0.03515625 0.05390625
0 0.54609375 0.42890625 0.06171875 0.0453125
0 0.53359375 0.37265625 0.06015625 0.046875
0 0.4890625 0.3703125 0.02578125 0.06796875
0 0.46171875 0.3796875 0.02734375 0.06015625