0 0.76953125 0.44609375 0.05625 0.053125
0 0.7296875 0.46171875 0.0546875 0.078125
0 0.7953125 0.80859375 0.0640625 0.0484375
0 0.83984375 0.98359375 0.0953125 0.0328125
0 0.55 0.525 0.0671875 0.0671875
0 0.65625 0.3828125 0.078125 0.075
0 0.446875 0.14375 0.0734375 0.053125
0 0.41875 0.09609375 0.065625 0.0578125
0 0.46484375 0.17578125 0.0609375 0.0546875
0 0.5 0.2375 0.0671875 0.05
0 0.43671875 0.23515625 0.071875 0.0484375
0 0.1375 0.240625 0.1 0.0546875
0 0.1984375 0.1203125 0.0625 0.05
0 0.27734375 0.33828125 0.0859375 0.065625
0 0.278125 0.259375 0.0546875 0.0640625
0 0.171875 0.665625 0.0703125 0.0734375
0 0.38984375 0.66953125 0.0453125 0.05625
0 0.46796875 0.37109375 0.0609375 0.0546875
0 0.53828125 0.39765625 0.05625 0.0390625
0 0.54140625 0.36953125 0.0546875 0.0328125
0 0.575 0.234375 0.0609375 0.0546875
0 0.5703125 0.18984375 0.053125 0.05625
0 0.54609375 0.14609375 0.046875 0.059375
0 0.5015625 0.10390625 0.05625 0.0703125
0 0.51875 0.2734375 0.059375 0.0546875
0 0.46953125 0.33203125 0.0734375 0.065625
0 0.43828125 0.28046875 0.071875 0.04375
0 0.4921875 0.4609375 0.075 0.075
0 0.63125 0.325 0.0671875 0.046875
0 0.678125 0.98671875 0.0625 0.0265625
0 0.3859375 0.5953125 0.05625 0.04375
0 0.27578125 0.4125 0.0625 0.0484375
0 0.35859375 0.16640625 0.065625 0.04375