0 0.08828125 0.5953125 0.0875 0.0625
0 0.06484375 0.51484375 0.08125 0.05
0 0.3328125 0.41328125 0.1390625 0.059375
0 0.9015625 0.640625 0.0921875 0.0671875
0 0.5859375 0.94296875 0.0890625 0.0515625
0 0.6140625 0.8109375 0.078125 0.0421875
0 0.57578125 0.79609375 0.059375 0.05625
0 0.6453125 0.79765625 0.04375 0.053125
0 0.515625 0.75234375 0.0609375 0.05625
0 0.48046875 0.7015625 0.06875 0.040625
0 0.484375 0.6546875 0.0609375 0.0359375
0 0.3484375 0.74453125 0.084375 0.05625
0 0.4390625 0.61953125 0.0578125 0.05
0 0.4296875 0.5546875 0.046875 0.053125
0 0.38046875 0.54921875 0.0484375 0.059375
0 0.31953125 0.6 0.0734375 0.0390625
0 0.25234375 0.52734375 0.0625 0.0578125
0 0.56328125 0.1984375 0.075 0.0578125
0 0.6546875 0.5390625 0.090625 0.0484375
0 0.60546875 0.7078125 0.06875 0.0484375
0 0.55703125 0.66171875 0.0609375 0.065625
0 0.49453125 0.61484375 0.0375 0.0546875
0 0.48984375 0.5640625 0.06875 0.0359375
0 0.903125 0.28046875 0.084375 0.05
0 0.3609375 0.66796875 0.05625 0.0390625
0 0.41796875 0.67578125 0.046875 0.0453125
0 0.64140625 0.3609375 0.053125 0.059375
0 0.65390625 0.45859375 0.046875 0.053125
0 0.80390625 0.62421875 0.0609375 0.0296875
0 0.32890625 0.5515625 0.0515625 0.025
0 0.31640625 0.53359375 0.0359375 0.0296875
0 0.3046875 0.5046875 0.053125 0.040625