0 0.3765625 0.09609375 0.05625 0.084375
0 0.4546875 0.0671875 0.0453125 0.078125
0 0.575 0.32734375 0.05078125 0.1359375
0 0.3875 0.91015625 0.06171875 0.0875
0 0.0640625 0.61640625 0.0453125 0.0859375
0 0.19765625 0.63515625 0.03671875 0.075
0 0.21015625 0.59609375 0.05234375 0.05625
0 0.21328125 0.665625 0.05 0.04140625
0 0.24921875 0.5328125 0.05234375 0.0578125
0 0.29765625 0.49453125 0.0359375 0.06484375
0 0.34453125 0.4953125 0.03125 0.059375
0 0.2453125 0.365625 0.05 0.08203125
0 0.3765625 0.44765625 0.04765625 0.0546875
0 0.440625 0.43359375 0.05 0.04296875
0 0.4421875 0.384375 0.05625 0.0453125
0 0.3875 0.32734375 0.034375 0.07265625
0 0.45546875 0.2546875 0.05390625 0.06015625
0 0.80546875 0.5421875 0.05234375 0.07109375
0 0.471875 0.65703125 0.0421875 0.08828125
0 0.3 0.61953125 0.04453125 0.065625
0 0.34296875 0.56796875 0.06328125 0.05625
0 0.38515625 0.50234375 0.05234375 0.03515625
0 0.43515625 0.49453125 0.03046875 0.0671875
0 0.746875 0.88671875 0.04453125 0.08203125
0 0.32265625 0.37265625 0.0359375 0.05234375
0 0.31875 0.43046875 0.0421875 0.04453125
0 0.6484375 0.63125 0.05546875 0.05
0 0.55234375 0.65078125 0.05078125 0.04453125
0 0.39765625 0.81171875 0.025 0.05859375
0 0.43671875 0.3328125 0.02109375 0.04921875
0 0.45390625 0.31953125 0.02890625 0.034375
0 0.48203125 0.30546875 0.03828125 0.05