0 0.76953125 0.44375 0.1125 0.075
0 0.82734375 0.865625 0.078125 0.08125
0 0.7046875 0.7078125 0.0625 0.075
0 0.66328125 0.64375 0.065625 0.06875
0 0.62578125 0.5109375 0.0609375 0.075
0 0.5734375 0.55625 0.04375 0.0796875
0 0.58125 0.40078125 0.075 0.06875
0 0.4953125 0.29921875 0.0671875 0.078125
0 0.409375 0.26015625 0.0703125 0.0796875
0 0.45 0.3296875 0.0640625 0.0609375
0 0.51328125 0.36640625 0.0625 0.0625
0 0.51484375 0.4328125 0.059375 0.090625
0 0.525 0.52109375 0.078125 0.0421875
0 0.5578125 0.48046875 0.0578125 0.053125
0 0.45078125 0.45859375 0.05 0.0546875
0 0.39921875 0.39375 0.078125 0.0625
0 0.28984375 0.28984375 0.0796875 0.078125
0 0.41328125 0.484375 0.0453125 0.078125
0 0.3625 0.490625 0.053125 0.103125
0 0.2890625 0.51015625 0.0296875 0.084375
0 0.2453125 0.47421875 0.0546875 0.0625
0 0.20234375 0.55234375 0.06875 0.046875