0 0.44375 0.23046875 0.075 0.11328125
0 0.865625 0.17265625 0.08203125 0.078125
0 0.7078125 0.2953125 0.07578125 0.06171875
0 0.64375 0.33671875 0.06875 0.06484375
0 0.5109375 0.37421875 0.07578125 0.0609375
0 0.55625 0.4265625 0.0796875 0.04296875
0 0.40078125 0.41875 0.06875 0.075
0 0.29921875 0.5046875 0.07890625 0.0671875
0 0.26015625 0.590625 0.0796875 0.0703125
0 0.3296875 0.55 0.0609375 0.0640625
0 0.36640625 0.48671875 0.06328125 0.06171875
0 0.4328125 0.48515625 0.08984375 0.059375
0 0.52109375 0.475 0.0421875 0.078125
0 0.48046875 0.4421875 0.053125 0.0578125
0 0.45859375 0.54921875 0.0546875 0.04921875
0 0.39375 0.60078125 0.06328125 0.078125
0 0.28984375 0.71015625 0.07890625 0.0796875
0 0.484375 0.58671875 0.07734375 0.0453125
0 0.490625 0.6375 0.10390625 0.053125
0 0.51015625 0.7109375 0.084375 0.0296875
0 0.47421875 0.7546875 0.06171875 0.0546875
0 0.55234375 0.79765625 0.046875 0.06796875