0 0.40546875 0.4203125 0.04765625 0.07890625
0 0.225 0.471875 0.05546875 0.04296875
0 0.27421875 0.49296875 0.07578125 0.05390625
0 0.31171875 0.46796875 0.0546875 0.03828125
0 0.359375 0.50078125 0.06484375 0.04453125
0 0.31015625 0.5640625 0.0734375 0.0609375
0 0.36640625 0.60390625 0.05390625 0.046875
0 0.53203125 0.54375 0.0640625 0.05546875
0 0.5921875 0.59453125 0.04765625 0.0359375
0 0.5859375 0.70390625 0.0546875 0.06875
0 0.72578125 0.75078125 0.06796875 0.04765625
0 0.91796875 0.8421875 0.07578125 0.05078125
0 0.690625 0.690625 0.05234375 0.07265625
0 0.5484375 0.653125 0.06328125 0.05546875
0 0.4515625 0.653125 0.05 0.05234375
0 0.48828125 0.6734375 0.06328125 0.04453125
0 0.44140625 0.5609375 0.0625 0.04375
0 0.39765625 0.52734375 0.06171875 0.0421875
0 0.4453125 0.603125 0.06484375 0.03359375
0 0.4046875 0.63828125 0.07109375 0.04375
0 0.5015625 0.6203125 0.06796875 0.0421875
0 0.27890625 0.63828125 0.06640625 0.05625
0 0.26015625 0.6984375 0.0515625 0.0625
0 0.29921875 0.746875 0.04296875 0.06015625
0 0.35234375 0.734375 0.06015625 0.03515625
0 0.4484375 0.88828125 0.08046875 0.0484375
0 0.3296875 0.6515625 0.0390625 0.0515625
0 0.3671875 0.68046875 0.0484375 0.0734375