0 0.584375 0.41015625 0.08125 0.0515625
0 0.5421875 0.2265625 0.046875 0.0578125
0 0.51875 0.275 0.05625 0.078125
0 0.5421875 0.31328125 0.040625 0.05625
0 0.50625 0.359375 0.046875 0.0671875
0 0.44609375 0.30703125 0.0640625 0.0765625
0 0.403125 0.3609375 0.05 0.05625
0 0.4546875 0.5296875 0.059375 0.0671875
0 0.40078125 0.5875 0.0390625 0.0484375
0 0.2921875 0.575 0.071875 0.0578125
0 0.2375 0.7125 0.05 0.071875
0 0.13671875 0.89921875 0.053125 0.078125
0 0.3 0.68046875 0.075 0.05625
0 0.34453125 0.540625 0.059375 0.065625
0 0.35 0.44375 0.05625 0.053125
0 0.32734375 0.47890625 0.046875 0.0640625
0 0.4421875 0.43828125 0.046875 0.0640625
0 0.478125 0.39609375 0.0453125 0.0640625
0 0.4 0.43984375 0.0375 0.0671875
0 0.3671875 0.39765625 0.046875 0.0734375
0 0.3796875 0.4953125 0.0453125 0.0703125
0 0.3734375 0.271875 0.059375 0.06875
0 0.3140625 0.25 0.065625 0.0546875
0 0.2640625 0.28671875 0.0609375 0.046875
0 0.2734375 0.340625 0.0375 0.0609375
0 0.11484375 0.428125 0.053125 0.084375
0 0.3578125 0.321875 0.053125 0.0421875
0 0.3265625 0.3578125 0.0765625 0.0515625