0 0.421875 0.59609375 0.0796875 0.0484375
0 0.4765625 0.77578125 0.0453125 0.05625
0 0.496875 0.72578125 0.0546875 0.0765625
0 0.47109375 0.6890625 0.0390625 0.0546875
0 0.503125 0.640625 0.0453125 0.065625
0 0.5671875 0.6890625 0.0625 0.075
0 0.60625 0.63203125 0.0484375 0.0546875
0 0.54296875 0.4671875 0.0578125 0.065625
0 0.59296875 0.40625 0.0375 0.046875
0 0.70234375 0.41015625 0.0703125 0.05625
0 0.746875 0.26953125 0.0484375 0.0703125
0 0.83515625 0.07578125 0.0515625 0.0765625
0 0.6875 0.30625 0.0734375 0.0546875
0 0.65234375 0.44921875 0.0578125 0.0640625
0 0.65390625 0.54609375 0.0546875 0.0515625
0 0.6734375 0.50859375 0.0453125 0.0625
0 0.56171875 0.5578125 0.0453125 0.0625
0 0.52890625 0.6015625 0.04375 0.0625
0 0.60390625 0.553125 0.0359375 0.065625
0 0.63984375 0.59296875 0.0453125 0.071875
0 0.6203125 0.49609375 0.04375 0.06875
0 0.6421875 0.71875 0.0578125 0.0671875
0 0.70234375 0.73671875 0.0640625 0.053125
0 0.75 0.69609375 0.059375 0.0453125
0 0.73671875 0.64375 0.0359375 0.059375
0 0.8890625 0.54453125 0.05 0.0828125
0 0.6546875 0.66796875 0.0515625 0.040625
0 0.6828125 0.6296875 0.075 0.05