0 0.38046875 0.25234375 0.1 0.1265625
0 0.77578125 0.09375 0.0984375 0.0953125
0 0.65234375 0.25078125 0.0875 0.078125
0 0.6 0.30703125 0.0828125 0.0796875
0 0.48046875 0.375 0.0875 0.0765625
0 0.53671875 0.41484375 0.0875 0.0625
0 0.384375 0.4453125 0.084375 0.0890625
0 0.30625 0.553125 0.0921875 0.084375
0 0.2890625 0.64609375 0.09375 0.0875
0 0.346875 0.58984375 0.075 0.0765625
0 0.3671875 0.51953125 0.075 0.075
0 0.43125 0.5015625 0.1015625 0.0796875
0 0.5140625 0.4703125 0.059375 0.0859375
0 0.4671875 0.4484375 0.065625 0.06875
0 0.471875 0.5578125 0.065625 0.0625
0 0.42109375 0.6234375 0.0796875 0.090625
0 0.346875 0.7546875 0.0953125 0.096875
0 0.50546875 0.58828125 0.0875 0.0625
0 0.52421875 0.6359375 0.1125 0.0765625
0 0.5609375 0.70234375 0.0890625 0.0484375
0 0.53671875 0.753125 0.0734375 0.06875
0 0.62265625 0.77578125 0.0625 0.078125