0 0.13828125 0.7171875 0.0953125 0.075
0 0.090625 0.6484375 0.0875 0.0625
0 0.3140625 0.46875 0.14375 0.08125
0 0.925 0.51015625 0.1 0.0796875
0 0.71875 0.89453125 0.09375 0.0640625
0 0.70390625 0.7609375 0.08125 0.0546875
0 0.66328125 0.7578125 0.0671875 0.065625
0 0.7296875 0.73828125 0.0515625 0.0578125
0 0.5921875 0.73515625 0.06875 0.065625
0 0.54375 0.69765625 0.071875 0.05
0 0.5328125 0.65234375 0.065625 0.0453125
0 0.43125 0.7796875 0.090625 0.06875
0 0.47890625 0.6328125 0.0640625 0.059375
0 0.45 0.5734375 0.0546875 0.059375
0 0.4015625 0.584375 0.0578125 0.065625
0 0.359375 0.65078125 0.078125 0.05
0 0.27265625 0.60234375 0.0703125 0.065625
0 0.4671875 0.19375 0.0828125 0.06875
0 0.659375 0.4890625 0.0953125 0.0625
0 0.6640625 0.66484375 0.075 0.0578125
0 0.60390625 0.6359375 0.0703125 0.075
0 0.5296875 0.6109375 0.046875 0.059375
0 0.51015625 0.5640625 0.0734375 0.046875
0 0.815625 0.1671875 0.0890625 0.0625
0 0.41953125 0.703125 0.0609375 0.0484375
0 0.4765625 0.69296875 0.053125 0.0515625
0 0.59140625 0.32421875 0.0625 0.0671875
0 0.63359375 0.4125 0.0546875 0.059375
0 0.82734375 0.52421875 0.0640625 0.0390625
0 0.353125 0.6015625 0.053125 0.0328125
0 0.3359375 0.58828125 0.040625 0.0359375
0 0.315625 0.56484375 0.0578125 0.0484375