0 0.71640625 0.27109375 0.04375 0.071875
0 0.68515625 0.28984375 0.053125 0.0734375
0 0.65625 0.3078125 0.05 0.06875
0 0.61015625 0.43359375 0.0796875 0.05625
0 0.59453125 0.53046875 0.0515625 0.078125
0 0.5625 0.6109375 0.0546875 0.0875
0 0.75390625 0.875 0.08125 0.05
0 0.484375 0.7625 0.065625 0.0640625
0 0.17578125 0.88515625 0.0828125 0.090625
0 0.36875 0.74765625 0.0953125 0.06875
0 0.27890625 0.73125 0.08125 0.05
0 0.27265625 0.6640625 0.05625 0.0734375
0 0.22109375 0.68359375 0.0578125 0.0671875
0 0.3203125 0.58203125 0.0578125 0.0578125
0 0.309375 0.5 0.0828125 0.0625
0 0.37109375 0.4734375 0.034375 0.0421875
0 0.3875 0.51328125 0.0328125 0.0546875
0 0.471875 0.55546875 0.09375 0.053125
0 0.3796875 0.65703125 0.040625 0.084375
0 0.46953125 0.6234375 0.071875 0.0703125
0 0.3265625 0.8515625 0.071875 0.053125
0 0.39609375 0.8421875 0.0765625 0.06875
0 0.48203125 0.4484375 0.0421875 0.053125
0 0.51796875 0.4828125 0.0375 0.05625
0 0.52265625 0.4390625 0.0421875 0.053125
0 0.478125 0.38046875 0.0640625 0.0421875
0 0.5640625 0.37734375 0.05625 0.0421875
0 0.553125 0.42265625 0.04375 0.0640625
0 0.39921875 0.5640625 0.04375 0.05625
0 0.43515625 0.515625 0.059375 0.0609375