0 0.7359375 0.290625 0.03828125 0.06796875
0 0.703125 0.30703125 0.046875 0.0703125
0 0.67265625 0.321875 0.04296875 0.065625
0 0.615625 0.44375 0.07421875 0.05078125
0 0.59140625 0.53828125 0.0453125 0.07578125
0 0.55234375 0.615625 0.046875 0.08515625
0 0.7203125 0.89609375 0.07890625 0.04375
0 0.46171875 0.76015625 0.0609375 0.059375
0 0.14375 0.85546875 0.075 0.08515625
0 0.34765625 0.73515625 0.090625 0.0609375
0 0.259375 0.7109375 0.07734375 0.04375
0 0.259375 0.64375 0.04921875 0.06796875
0 0.20625 0.65859375 0.05390625 0.06328125
0 0.3140625 0.56640625 0.05390625 0.053125
0 0.31015625 0.48359375 0.078125 0.05703125
0 0.37421875 0.4625 0.03125 0.0390625
0 0.38671875 0.503125 0.02734375 0.053125
0 0.4671875 0.553125 0.08984375 0.0453125
0 0.36640625 0.64609375 0.03515625 0.08203125
0 0.45859375 0.6203125 0.0671875 0.0640625
0 0.296875 0.83515625 0.06796875 0.04609375
0 0.36640625 0.83203125 0.07109375 0.06171875
0 0.48671875 0.446875 0.03671875 0.05
0 0.51953125 0.484375 0.0328125 0.053125
0 0.528125 0.44140625 0.03671875 0.04921875
0 0.48828125 0.37890625 0.0609375 0.03828125
0 0.57421875 0.38359375 0.05390625 0.03671875
0 0.559375 0.42734375 0.0390625 0.0609375
0 0.39375 0.5546875 0.0390625 0.05234375
0 0.434375 0.51015625 0.0546875 0.05703125