0 0.5609375 0.47890625 0.084375 0.0390625
0 0.55 0.53203125 0.0640625 0.0703125
0 0.2765625 0.75625 0.0609375 0.0453125
0 0.29375 0.70390625 0.0625 0.0484375
0 0.33515625 0.6765625 0.046875 0.0609375
0 0.321875 0.61796875 0.053125 0.046875
0 0.30546875 0.5734375 0.065625 0.0390625
0 0.4046875 0.6171875 0.053125 0.0421875
0 0.36796875 0.584375 0.0484375 0.071875
0 0.45234375 0.57578125 0.078125 0.046875
0 0.46171875 0.52265625 0.059375 0.040625
0 0.19765625 0.22109375 0.05625 0.0828125
0 0.290625 0.3 0.05 0.078125
0 0.3703125 0.31015625 0.0609375 0.0671875
0 0.33984375 0.353125 0.053125 0.0484375
0 0.42578125 0.28984375 0.0609375 0.0671875
0 0.5375 0.03984375 0.0859375 0.0625
0 0.57109375 0.296875 0.05 0.08125
0 0.48828125 0.33125 0.0578125 0.0640625
0 0.53125 0.3953125 0.053125 0.084375
0 0.37578125 0.4078125 0.0421875 0.028125
0 0.40859375 0.42421875 0.04375 0.03125
0 0.42109375 0.39921875 0.05 0.0390625
0 0.45546875 0.45703125 0.059375 0.0515625
0 0.46796875 0.4015625 0.0359375 0.05625
0 0.3375 0.42578125 0.0484375 0.0625
0 0.38671875 0.4859375 0.040625 0.065625
0 0.33046875 0.52265625 0.0515625 0.059375
0 0.371875 0.52421875 0.0328125 0.071875
0 0.2953125 0.36328125 0.0328125 0.0484375