0 0.72890625 0.71640625 0.071875 0.04375
0 0.71015625 0.68515625 0.0734375 0.053125
0 0.6921875 0.65625 0.06875 0.05
0 0.56640625 0.61015625 0.05625 0.0796875
0 0.46953125 0.59453125 0.078125 0.0515625
0 0.3890625 0.5625 0.0875 0.0546875
0 0.125 0.75390625 0.05 0.08125
0 0.2375 0.484375 0.0640625 0.065625
0 0.11484375 0.17578125 0.090625 0.0828125
0 0.25234375 0.36875 0.06875 0.0953125
0 0.26875 0.27890625 0.05 0.08125
0 0.3359375 0.27265625 0.0734375 0.05625
0 0.31640625 0.22109375 0.0671875 0.0578125
0 0.41796875 0.3203125 0.0578125 0.0578125
0 0.5 0.309375 0.0625 0.0828125
0 0.5265625 0.37109375 0.0421875 0.034375
0 0.48671875 0.3875 0.0546875 0.0328125
0 0.44453125 0.471875 0.053125 0.09375
0 0.34296875 0.3796875 0.084375 0.040625
0 0.3765625 0.46953125 0.0703125 0.071875
0 0.1484375 0.3265625 0.053125 0.071875
0 0.1578125 0.39609375 0.06875 0.0765625
0 0.5515625 0.48203125 0.053125 0.0421875
0 0.5171875 0.51796875 0.05625 0.0375
0 0.5609375 0.52265625 0.053125 0.0421875
0 0.61953125 0.478125 0.0421875 0.0640625
0 0.62265625 0.5640625 0.0421875 0.05625
0 0.57734375 0.553125 0.0640625 0.04375
0 0.4359375 0.39921875 0.05625 0.04375
0 0.484375 0.43515625 0.0609375 0.059375