0 0.484375 0.4375 0.0328125 0.08125
0 0.5359375 0.453125 0.06640625 0.0578125
0 0.7359375 0.7453125 0.04140625 0.0578125
0 0.68515625 0.7234375 0.04375 0.06015625
0 0.66171875 0.6796875 0.0578125 0.0421875
0 0.60234375 0.6875 0.0421875 0.04921875
0 0.55625 0.7 0.03359375 0.0625
0 0.60859375 0.60546875 0.03828125 0.04921875
0 0.57265625 0.6390625 0.06953125 0.0421875
0 0.57109375 0.55390625 0.03984375 0.075
0 0.51953125 0.53984375 0.0359375 0.05546875
0 0.19609375 0.7765625 0.07890625 0.04921875
0 0.2828125 0.69140625 0.07421875 0.04375
0 0.29921875 0.6125 0.0625 0.05625
0 0.33984375 0.646875 0.04375 0.04921875
0 0.284375 0.55546875 0.06328125 0.05625
0 0.04453125 0.42265625 0.05546875 0.08125
0 0.30390625 0.41171875 0.07890625 0.04375
0 0.33125 0.496875 0.05859375 0.053125
0 0.3984375 0.459375 0.08203125 0.046875
0 0.39765625 0.615625 0.025 0.040625
0 0.41640625 0.584375 0.02890625 0.0421875
0 0.39296875 0.56953125 0.03359375 0.04609375
0 0.453125 0.540625 0.04765625 0.05703125
0 0.39921875 0.5234375 0.05390625 0.03046875
0 0.41171875 0.65546875 0.06015625 0.04375
0 0.47578125 0.61171875 0.0625 0.0359375
0 0.5078125 0.67109375 0.05625 0.046875
0 0.51328125 0.6296875 0.0703125 0.0265625
0 0.34609375 0.6921875 0.04765625 0.02734375