0 0.440625 0.525 0.0859375 0.0453125
0 0.4484375 0.471875 0.0671875 0.0734375
0 0.70546875 0.22890625 0.0640625 0.0484375
0 0.69140625 0.28203125 0.065625 0.053125
0 0.65234375 0.3125 0.05 0.0640625
0 0.66953125 0.36953125 0.05625 0.05
0 0.6890625 0.41328125 0.0671875 0.04375
0 0.5875 0.3765625 0.0546875 0.0453125
0 0.62578125 0.40625 0.053125 0.075
0 0.5421875 0.42109375 0.0796875 0.0515625
0 0.5359375 0.47421875 0.0609375 0.04375
0 0.8203125 0.75703125 0.0609375 0.084375
0 0.72265625 0.684375 0.0546875 0.08125
0 0.6421875 0.68046875 0.065625 0.0703125
0 0.6703125 0.63515625 0.05625 0.0515625
0 0.58828125 0.70390625 0.065625 0.0703125
0 0.49453125 0.96171875 0.0890625 0.06875
0 0.44375 0.7078125 0.0546875 0.084375
0 0.5234375 0.6671875 0.0625 0.0671875
0 0.47578125 0.60703125 0.059375 0.0875
0 0.63046875 0.5828125 0.04375 0.03125
0 0.59609375 0.56953125 0.0453125 0.034375
0 0.58515625 0.59453125 0.0515625 0.040625
0 0.54765625 0.53984375 0.0625 0.0546875
0 0.5390625 0.59609375 0.0390625 0.0578125
0 0.6671875 0.5625 0.053125 0.065625
0 0.6140625 0.50625 0.0453125 0.0671875
0 0.66796875 0.465625 0.0546875 0.0625
0 0.62578125 0.46640625 0.0375 0.0734375
0 0.7140625 0.621875 0.034375 0.05