0 0.41640625 0.096875 0.03515625 0.06875
0 0.18671875 0.21171875 0.04609375 0.0703125
0 0.11484375 0.48359375 0.0359375 0.0703125
0 0.04765625 0.48671875 0.05234375 0.04609375
0 0.134375 0.58046875 0.046875 0.0390625
0 0.20234375 0.53359375 0.0421875 0.05390625
0 0.24921875 0.48203125 0.0328125 0.06640625
0 0.2828125 0.44765625 0.04609375 0.05546875
0 0.4984375 0.29140625 0.0375 0.0734375
0 0.43515625 0.32109375 0.03125 0.059375
0 0.4640625 0.371875 0.046875 0.053125
0 0.74375 0.0921875 0.059375 0.084375
0 0.53046875 0.3140625 0.04609375 0.04765625
0 0.9375 0.62421875 0.03125 0.07734375
0 0.58984375 0.6296875 0.0296875 0.06875
0 0.559375 0.621875 0.04140625 0.05703125
0 0.3140625 0.86875 0.03203125 0.0625
0 0.3421875 0.57890625 0.0375 0.06640625
0 0.2640625 0.3578125 0.0296875 0.05703125
0 0.36640625 0.3578125 0.04453125 0.03515625
0 0.37734375 0.375 0.05 0.03125
0 0.334375 0.41796875 0.02734375 0.04765625
0 0.38828125 0.29453125 0.02578125 0.0640625
0 0.41796875 0.421875 0.0296875 0.053125
0 0.91015625 0.43125 0.0421875 0.0703125
0 0.4421875 0.8890625 0.03125 0.06796875
0 0.3265625 0.71171875 0.034375 0.05625
0 0.2796875 0.52421875 0.034375 0.04609375
0 0.2515625 0.55859375 0.03828125 0.02734375
0 0.24140625 0.5265625 0.0421875 0.028125
0 0.31015625 0.41171875 0.03828125 0.03515625
0 0.21171875 0.4 0.03359375 0.05546875
0 0.371875 0.41875 0.034375 0.028125
0 0.39140625 0.4109375 0.03359375 0.040625