0 0.10390625 0.61171875 0.0703125 0.040625
0 0.234375 0.8328125 0.0734375 0.0515625
0 0.51015625 0.88515625 0.071875 0.040625
0 0.51796875 0.95234375 0.05 0.05625
0 0.60546875 0.859375 0.0421875 0.05
0 0.55390625 0.79453125 0.05625 0.0453125
0 0.49921875 0.7515625 0.0671875 0.0375
0 0.46328125 0.7203125 0.059375 0.05
0 0.2921875 0.51640625 0.0765625 0.0421875
0 0.32578125 0.57734375 0.0609375 0.0359375
0 0.375 0.54453125 0.05625 0.05
0 0.0765625 0.28515625 0.0890625 0.065625
0 0.3125 0.4828125 0.05 0.05
0 0.59375 0.0546875 0.0796875 0.0359375
0 0.6234375 0.4015625 0.0703125 0.034375
0 0.6171875 0.43203125 0.059375 0.04375
0 0.88046875 0.659375 0.0640625 0.0375
0 0.58984375 0.6515625 0.06875 0.0421875
0 0.375 0.7453125 0.0578125 0.0328125
0 0.3671875 0.64296875 0.0375 0.0453125
0 0.38359375 0.63125 0.034375 0.0515625
0 0.4296875 0.67109375 0.0484375 0.03125
0 0.303125 0.62578125 0.065625 0.0296875
0 0.428125 0.5875 0.0546875 0.0328125
0 0.403125 0.0953125 0.0734375 0.046875
0 0.8921875 0.53046875 0.0703125 0.0359375
0 0.7234375 0.65859375 0.0578125 0.0375
0 0.53984375 0.71796875 0.0484375 0.0375
0 0.57578125 0.74375 0.03125 0.0390625
0 0.54453125 0.75625 0.03125 0.04375
0 0.425 0.6953125 0.0375 0.0390625
0 0.4203125 0.79453125 0.0578125 0.0375
0 0.428125 0.63359375 0.0296875 0.0359375
0 0.41875 0.61484375 0.0421875 0.0375