0 0.0890625 0.4765625 0.075 0.053125
0 0.140625 0.728125 0.0796875 0.0640625
0 0.384375 0.86796875 0.0765625 0.053125
0 0.3703125 0.93359375 0.059375 0.0640625
0 0.4828125 0.87421875 0.05 0.0546875
0 0.45546875 0.79609375 0.0625 0.0546875
0 0.41796875 0.7375 0.071875 0.0484375
0 0.39296875 0.69609375 0.0671875 0.059375
0 0.2984375 0.44765625 0.08125 0.0546875
0 0.31015625 0.51640625 0.065625 0.0453125
0 0.3671875 0.5015625 0.0640625 0.059375
0 0.16953125 0.159375 0.096875 0.0796875
0 0.328125 0.42265625 0.0578125 0.0578125
0 0.73359375 0.109375 0.0828125 0.05
0 0.6484375 0.446875 0.0734375 0.046875
0 0.6328125 0.47421875 0.065625 0.053125
0 0.8078125 0.775 0.06875 0.0484375
0 0.53515625 0.67265625 0.0734375 0.053125
0 0.3015625 0.69140625 0.0625 0.04375
0 0.328125 0.5921875 0.04375 0.0515625
0 0.34765625 0.5859375 0.04375 0.05625
0 0.378125 0.6390625 0.053125 0.0390625
0 0.27265625 0.5546875 0.06875 0.040625
0 0.403125 0.559375 0.059375 0.0421875
0 0.53984375 0.0859375 0.078125 0.059375
0 0.8609375 0.65625 0.075 0.0484375
0 0.659375 0.72265625 0.0625 0.0484375
0 0.46640625 0.71875 0.0546875 0.0453125
0 0.4921875 0.75546875 0.0375 0.04375
0 0.45859375 0.75703125 0.0375 0.0484375
0 0.365625 0.66015625 0.0421875 0.0453125
0 0.32890625 0.75234375 0.0625 0.0484375
0 0.38828125 0.60234375 0.0359375 0.040625
0 0.3859375 0.58203125 0.0484375 0.04375