0 0.4203125 0.6921875 0.06875 0.065625
0 0.50703125 0.74140625 0.0890625 0.0609375
0 0.603125 0.75234375 0.059375 0.0796875
0 0.70234375 0.7390625 0.071875 0.078125
0 0.6421875 0.671875 0.0875 0.059375
0 0.45859375 0.62109375 0.0484375 0.065625
0 0.509375 0.60234375 0.053125 0.078125
0 0.55625 0.62421875 0.0578125 0.0640625
0 0.5734375 0.67421875 0.0484375 0.053125
0 0.5546875 0.4640625 0.078125 0.0671875
0 0.60390625 0.41484375 0.0546875 0.0703125
0 0.78984375 0.3140625 0.08125 0.0953125
0 0.8921875 0.2046875 0.0765625 0.103125
0 0.903125 0.0875 0.0953125 0.053125
0 0.94140625 0.12265625 0.078125 0.0859375
0 0.69453125 0.4046875 0.075 0.05
0 0.72890625 0.4515625 0.065625 0.0515625
0 0.67734375 0.478125 0.059375 0.059375
0 0.65546875 0.43828125 0.059375 0.046875
0 0.63046875 0.51796875 0.0640625 0.0734375
0 0.62734375 0.5578125 0.065625 0.0515625
0 0.559375 0.5765625 0.053125 0.0625
0 0.609375 0.6015625 0.053125 0.0484375