0 0.3109375 0.4140625 0.0671875 0.0703125
0 0.2578125 0.4984375 0.0640625 0.0890625
0 0.24453125 0.59375 0.08125 0.0625
0 0.25390625 0.69453125 0.0796875 0.0734375
0 0.3234375 0.63671875 0.0625 0.0875
0 0.38046875 0.45390625 0.065625 0.05
0 0.39765625 0.50625 0.0796875 0.05625
0 0.37421875 0.5515625 0.065625 0.059375
0 0.3234375 0.5671875 0.0546875 0.05
0 0.534375 0.55625 0.06875 0.0796875
0 0.58125 0.60703125 0.0703125 0.05625
0 0.675 0.79609375 0.096875 0.0828125
0 0.78125 0.90234375 0.1046875 0.0796875
0 0.8984375 0.9171875 0.0546875 0.096875
0 0.86171875 0.95390625 0.0875 0.08125
0 0.58828125 0.69765625 0.0515625 0.075
0 0.540625 0.73046875 0.053125 0.0671875
0 0.515625 0.67734375 0.059375 0.059375
0 0.55625 0.65703125 0.0484375 0.0609375
0 0.47734375 0.6296875 0.075 0.065625
0 0.4375 0.625 0.053125 0.0671875
0 0.42109375 0.55625 0.0625 0.0546875
0 0.39453125 0.60546875 0.05 0.0546875