0 0.29609375 0.45859375 0.0546875 0.06015625
0 0.2640625 0.553125 0.04609375 0.08125
0 0.271875 0.64921875 0.07265625 0.046875
0 0.30390625 0.74453125 0.06875 0.059375
0 0.35859375 0.67265625 0.0453125 0.0796875
0 0.3734375 0.48203125 0.05859375 0.0375
0 0.4015625 0.52890625 0.07109375 0.040625
0 0.3890625 0.57890625 0.05546875 0.0484375
0 0.34296875 0.60546875 0.04765625 0.03984375
0 0.54609375 0.546875 0.0546875 0.06796875
0 0.603125 0.5859375 0.06171875 0.04375
0 0.7375 0.74921875 0.08359375 0.06640625
0 0.86484375 0.82890625 0.09453125 0.06015625
0 0.98203125 0.8171875 0.0359375 0.090625
0 0.9546875 0.8609375 0.07578125 0.06640625
0 0.63046875 0.67265625 0.0375 0.06953125
0 0.59140625 0.715625 0.04140625 0.059375
0 0.55546875 0.66953125 0.04921875 0.04921875
0 0.58984375 0.640625 0.0375 0.05234375
0 0.50703125 0.63125 0.0640625 0.053125
0 0.4671875 0.6359375 0.03984375 0.06015625
0 0.4359375 0.57265625 0.0546875 0.04296875
0 0.42109375 0.6265625 0.04140625 0.04609375