0 0.38828125 0.42421875 0.0515625 0.0890625
0 0.29375 0.4921875 0.04140625 0.09140625
0 0.11796875 0.71171875 0.065625 0.0859375
0 0.49140625 0.596875 0.053125 0.11796875
0 0.27890625 0.27890625 0.07265625 0.0734375
0 0.3859375 0.2546875 0.03828125 0.08984375
0 0.428125 0.31015625 0.06875 0.103125
0 0.4671875 0.121875 0.0390625 0.07421875
0 0.85625 0.39609375 0.0921875 0.096875
0 0.80390625 0.68125 0.03828125 0.1015625
0 0.60234375 0.73671875 0.053125 0.08046875
0 0.60546875 0.6171875 0.09453125 0.04921875
0 0.32265625 0.596875 0.0578125 0.07578125
0 0.22890625 0.5015625 0.04609375 0.0859375
0 0.21484375 0.36953125 0.08203125 0.0546875
0 0.5140625 0.32578125 0.06796875 0.08046875
0 0.57265625 0.2453125 0.03359375 0.08046875
0 0.465625 0.46484375 0.05625 0.08984375
0 0.5265625 0.38671875 0.075 0.06484375
0 0.628125 0.1625 0.06796875 0.0546875
0 0.715625 0.103125 0.04375 0.07578125
0 0.3578125 0.38828125 0.05078125 0.0734375
0 0.18046875 0.42578125 0.07265625 0.05234375
0 0.2296875 0.3125 0.07265625 0.0703125
0 0.5015625 0.25703125 0.05078125 0.06015625
0 0.5546875 0.309375 0.06171875 0.04921875
0 0.346875 0.246875 0.05625 0.0796875
0 0.4140625 0.1328125 0.0625 0.04609375
0 0.4390625 0.16484375 0.08125 0.07578125
0 0.51640625 0.13515625 0.0546875 0.065625
0 0.5546875 0.1765625 0.0609375 0.0484375
0 0.628125 0.37734375 0.046875 0.07265625
0 0.253125 0.67890625 0.04140625 0.07578125