0 0.58359375 0.39375 0.0921875 0.0578125
0 0.521875 0.29453125 0.09375 0.046875
0 0.315625 0.10390625 0.090625 0.071875
0 0.40390625 0.484375 0.121875 0.0609375
0 0.7359375 0.29453125 0.078125 0.0765625
0 0.75234375 0.403125 0.09375 0.04375
0 0.69453125 0.44140625 0.1078125 0.075
0 0.8796875 0.49375 0.078125 0.04375
0 0.57890625 0.8625 0.103125 0.0984375
0 0.29765625 0.790625 0.1046875 0.04375
0 0.25703125 0.5859375 0.084375 0.059375
0 0.37578125 0.596875 0.05625 0.096875
0 0.415625 0.31640625 0.078125 0.0625
0 0.5171875 0.2296875 0.0890625 0.053125
0 0.65 0.225 0.0609375 0.084375
0 0.67265625 0.5265625 0.0859375 0.075
0 0.74921875 0.590625 0.0828125 0.040625
0 0.5375 0.46796875 0.09375 0.0625
0 0.6109375 0.534375 0.0703125 0.0796875
0 0.828125 0.6515625 0.059375 0.071875
0 0.88125 0.74296875 0.078125 0.0484375
0 0.62109375 0.365625 0.0765625 0.0546875
0 0.59609375 0.18671875 0.0578125 0.075
0 0.70625 0.24375 0.075 0.0765625
0 0.7421875 0.51875 0.0625 0.0546875
0 0.68671875 0.56796875 0.0546875 0.065625
0 0.76328125 0.36484375 0.0828125 0.0609375
0 0.87265625 0.43984375 0.0515625 0.065625
0 0.83828125 0.4625 0.08125 0.0859375
0 0.8625 0.5421875 0.06875 0.059375
0 0.81875 0.57734375 0.053125 0.0640625
0 0.61328125 0.63671875 0.075 0.0515625
0 0.3390625 0.24140625 0.078125 0.0453125