0 0.55078125 0.375 0.0984375 0.06875
0 0.46484375 0.296875 0.096875 0.0578125
0 0.21328125 0.1703125 0.0984375 0.0828125
0 0.403125 0.51171875 0.1265625 0.0765625
0 0.6703125 0.2375 0.0875 0.0859375
0 0.71640625 0.3375 0.096875 0.05625
0 0.67109375 0.38984375 0.115625 0.0890625
0 0.86328125 0.3890625 0.08125 0.053125
0 0.67578125 0.8265625 0.1140625 0.1109375
0 0.3859375 0.83515625 0.1078125 0.0578125
0 0.28984375 0.64921875 0.090625 0.06875
0 0.40703125 0.62734375 0.06875 0.1015625
0 0.36875 0.346875 0.0859375 0.071875
0 0.4421875 0.23515625 0.09375 0.0640625
0 0.56796875 0.19375 0.0703125 0.090625
0 0.6734375 0.47734375 0.09375 0.084375
0 0.7640625 0.51796875 0.0859375 0.05
0 0.52734375 0.459375 0.1 0.0734375
0 0.61640625 0.50234375 0.0796875 0.0875
0 0.85703125 0.55546875 0.0671875 0.078125
0 0.9328125 0.628125 0.0828125 0.0578125
0 0.5796875 0.3375 0.0828125 0.0640625
0 0.50625 0.171875 0.0671875 0.08125
0 0.62734375 0.196875 0.084375 0.084375
0 0.73828125 0.45078125 0.06875 0.0609375
0 0.69765625 0.5140625 0.0625 0.071875
0 0.715625 0.29765625 0.0890625 0.071875
0 0.84140625 0.33984375 0.059375 0.0703125
0 0.81484375 0.37109375 0.090625 0.0953125
0 0.86015625 0.43984375 0.075 0.0671875
0 0.828125 0.4859375 0.059375 0.0703125
0 0.646875 0.6 0.0796875 0.0609375
0 0.2734375 0.29609375 0.08125 0.0546875