0 0.21015625 0.4203125 0.0609375 0.084375
0 0.28125 0.446875 0.0625 0.05
0 0.33125 0.453125 0.0390625 0.05
0 0.34453125 0.49921875 0.05625 0.03125
0 0.3765625 0.47265625 0.0625 0.0359375
0 0.46015625 0.47890625 0.06875 0.04375
0 0.46484375 0.50625 0.08125 0.0265625
0 0.534375 0.54453125 0.0421875 0.0609375
0 0.56953125 0.5609375 0.046875 0.0328125
0 0.5921875 0.5890625 0.053125 0.0421875
0 0.65625 0.62421875 0.0625 0.0484375
0 0.715625 0.7390625 0.0984375 0.0390625
0 0.6703125 0.6671875 0.05 0.0359375
0 0.62109375 0.65859375 0.0390625 0.046875
0 0.64296875 0.69296875 0.0625 0.0421875
0 0.5890625 0.7140625 0.059375 0.0609375
0 0.55859375 0.6625 0.0625 0.0421875
0 0.49765625 0.625 0.0765625 0.0453125
0 0.371875 0.61875 0.0515625 0.0640625
0 0.28046875 0.64296875 0.065625 0.0484375
0 0.3328125 0.65390625 0.0515625 0.0796875
0 0.18671875 0.71875 0.0421875 0.0640625
0 0.2609375 0.7234375 0.053125 0.0421875
0 0.23515625 0.69375 0.06875 0.0390625
0 0.4359375 0.76328125 0.0375 0.034375
0 0.2921875 0.52421875 0.0578125 0.0515625
0 0.35 0.5578125 0.0640625 0.0515625
0 0.39765625 0.5328125 0.075 0.04375
0 0.46640625 0.54375 0.075 0.04375
0 0.45234375 0.58828125 0.0875 0.0421875