0 0.20859375 0.425 0.06015625 0.0828125
0 0.28046875 0.45078125 0.0609375 0.0484375
0 0.33046875 0.45625 0.03671875 0.04921875
0 0.34453125 0.5015625 0.05625 0.0296875
0 0.37578125 0.475 0.06171875 0.03515625
0 0.46015625 0.4796875 0.06875 0.0421875
0 0.46484375 0.50703125 0.08046875 0.02578125
0 0.53515625 0.54375 0.03984375 0.0609375
0 0.5703125 0.559375 0.04765625 0.03125
0 0.59375 0.5875 0.05390625 0.03984375
0 0.65859375 0.62109375 0.0609375 0.04765625
0 0.71953125 0.73515625 0.0984375 0.03828125
0 0.6734375 0.6640625 0.05078125 0.03515625
0 0.62421875 0.65625 0.03828125 0.04765625
0 0.64609375 0.690625 0.06171875 0.03984375
0 0.59296875 0.7125 0.0578125 0.059375
0 0.56171875 0.66171875 0.0625 0.040625
0 0.5 0.625 0.0765625 0.04296875
0 0.37421875 0.62109375 0.04921875 0.06171875
0 0.2828125 0.646875 0.0640625 0.046875
0 0.33515625 0.65703125 0.04921875 0.07734375
0 0.190625 0.72421875 0.03984375 0.0640625
0 0.26484375 0.72734375 0.05390625 0.040625
0 0.23828125 0.6984375 0.06796875 0.0375
0 0.440625 0.7640625 0.03828125 0.03515625
0 0.29296875 0.528125 0.05546875 0.05078125
0 0.35078125 0.56015625 0.06328125 0.04921875
0 0.3984375 0.534375 0.075 0.0421875
0 0.4671875 0.54453125 0.075 0.0421875
0 0.45390625 0.5890625 0.08671875 0.040625