0 0.0765625 0.49375 0.09921875 0.10390625
0 0.36015625 0.1796875 0.06484375 0.084375
0 0.45 0.240625 0.07421875 0.11171875
0 0.69375 0.29765625 0.103125 0.04765625
0 0.64296875 0.38671875 0.03828125 0.07734375
0 0.60859375 0.37109375 0.046875 0.065625
0 0.58203125 0.34921875 0.04765625 0.04921875
0 0.52734375 0.3484375 0.0453125 0.08125
0 0.49140625 0.37890625 0.046875 0.04609375
0 0.54765625 0.4171875 0.0671875 0.059375
0 0.7578125 0.7828125 0.078125 0.08671875
0 0.62578125 0.80625 0.03828125 0.06328125
0 0.5296875 0.79921875 0.078125 0.04921875
0 0.3515625 0.9578125 0.04921875 0.078125
0 0.4078125 0.6328125 0.0640625 0.08203125
0 0.29609375 0.63125 0.03984375 0.08203125
0 0.346875 0.6609375 0.0640625 0.065625
0 0.3359375 0.54375 0.0421875 0.07734375
0 0.2703125 0.52734375 0.040625 0.065625
0 0.34296875 0.4703125 0.03828125 0.0453125
0 0.38984375 0.45234375 0.03828125 0.05703125
0 0.43828125 0.48046875 0.07734375 0.046875
0 0.4234375 0.53125 0.0546875 0.06328125
0 0.4609375 0.5578125 0.06171875 0.07421875
0 0.54375 0.5234375 0.05625 0.04296875
0 0.51171875 0.5453125 0.05 0.08515625
0 0.515625 0.47578125 0.0390625 0.06015625
0 0.48671875 0.446875 0.03984375 0.0546875