0 0.2 0.48203125 0.0734375 0.0921875
0 0.275 0.49375 0.06875 0.059375
0 0.325 0.4890625 0.046875 0.05625
0 0.34765625 0.53125 0.0609375 0.040625
0 0.3734375 0.49921875 0.0671875 0.0453125
0 0.45703125 0.4875 0.075 0.0546875
0 0.4671875 0.51328125 0.084375 0.040625
0 0.54296875 0.5359375 0.0515625 0.0671875
0 0.58046875 0.54453125 0.0515625 0.0390625
0 0.60859375 0.56796875 0.059375 0.05
0 0.67890625 0.58828125 0.06875 0.0578125
0 0.76015625 0.6890625 0.103125 0.05625
0 0.7015625 0.628125 0.05625 0.04375
0 0.6515625 0.6296875 0.0453125 0.053125
0 0.6796875 0.659375 0.06875 0.0515625
0 0.63203125 0.690625 0.06875 0.06875
0 0.59140625 0.646875 0.06875 0.0515625
0 0.52421875 0.62265625 0.0828125 0.0578125
0 0.4 0.64296875 0.0609375 0.0703125
0 0.31484375 0.6859375 0.071875 0.0578125
0 0.36796875 0.6859375 0.0640625 0.0859375
0 0.2390625 0.77890625 0.0515625 0.0703125
0 0.3125 0.76796875 0.059375 0.05
0 0.28125 0.74453125 0.075 0.05
0 0.4921875 0.7703125 0.04375 0.040625
0 0.30234375 0.5671875 0.0640625 0.059375
0 0.36484375 0.5875 0.0703125 0.0609375
0 0.40703125 0.553125 0.08125 0.05625
0 0.4765625 0.55 0.08125 0.05625
0 0.471875 0.59609375 0.09375 0.05625