0 0.60859375 0.090625 0.125 0.121875
0 0.84453125 0.4421875 0.0984375 0.084375
0 0.7640625 0.5140625 0.1265625 0.1
0 0.64921875 0.73671875 0.0703125 0.1109375
0 0.575 0.66640625 0.084375 0.0546875
0 0.5984375 0.63671875 0.075 0.0609375
0 0.6265625 0.61640625 0.059375 0.0578125
0 0.640625 0.56328125 0.0890625 0.0640625
0 0.61953125 0.52109375 0.05625 0.05625
0 0.56875 0.56640625 0.0734375 0.0796875
0 0.16328125 0.68203125 0.103125 0.096875
0 0.17265625 0.54765625 0.0703125 0.0515625
0 0.20234375 0.45625 0.0671875 0.0875
0 0.09140625 0.2453125 0.0875 0.0671875
0 0.39375 0.378125 0.09375 0.08125
0 0.421875 0.2703125 0.0890625 0.059375
0 0.38125 0.3125 0.0796875 0.078125
0 0.496875 0.33046875 0.0859375 0.059375
0 0.52890625 0.2703125 0.0734375 0.0546875
0 0.56640625 0.3546875 0.053125 0.046875
0 0.57265625 0.4046875 0.0640625 0.05
0 0.53359375 0.44453125 0.0640625 0.0875
0 0.48828125 0.41796875 0.0734375 0.06875
0 0.453125 0.4484375 0.0875 0.078125
0 0.46640625 0.53671875 0.05625 0.065625
0 0.453125 0.50078125 0.09375 0.06875
0 0.51953125 0.52109375 0.0671875 0.0515625
0 0.5546875 0.5 0.0625 0.053125