0 0.08203125 0.5671875 0.115625 0.11875
0 0.30703125 0.20859375 0.0796875 0.09375
0 0.40546875 0.253125 0.09375 0.1234375
0 0.65546875 0.2671875 0.109375 0.0640625
0 0.62109375 0.36328125 0.05 0.0828125
0 0.584375 0.35390625 0.0578125 0.0734375
0 0.5546875 0.3375 0.0546875 0.0578125
0 0.50078125 0.34609375 0.059375 0.0875
0 0.4703125 0.38203125 0.0546875 0.0546875
0 0.5328125 0.41015625 0.0765625 0.0703125
0 0.803125 0.73359375 0.0921875 0.1
0 0.67734375 0.7796875 0.0484375 0.06875
0 0.58125 0.78984375 0.0859375 0.0625
0 0.4328125 0.96640625 0.0625 0.0671875
0 0.43203125 0.646875 0.0765625 0.090625
0 0.321875 0.66484375 0.0546875 0.0875
0 0.37734375 0.68515625 0.075 0.075
0 0.34609375 0.571875 0.0546875 0.084375
0 0.27890625 0.5671875 0.0515625 0.071875
0 0.33984375 0.49765625 0.0453125 0.0515625
0 0.38359375 0.471875 0.046875 0.0625
0 0.4359375 0.49140625 0.084375 0.059375
0 0.4296875 0.54375 0.0640625 0.0703125
0 0.471875 0.5640625 0.075 0.084375
0 0.546875 0.515625 0.0625 0.053125
0 0.51953125 0.54296875 0.0640625 0.0921875
0 0.5109375 0.4734375 0.0484375 0.065625
0 0.47734375 0.45 0.05 0.0609375