0 0.58515625 0.41953125 0.0625 0.09453125
0 0.53046875 0.39453125 0.0484375 0.08671875
0 0.740625 0.7390625 0.08125 0.0515625
0 0.68046875 0.696875 0.04296875 0.05234375
0 0.2546875 0.5484375 0.05546875 0.05703125
0 0.31015625 0.5703125 0.0640625 0.0484375
0 0.34765625 0.60546875 0.0578125 0.04765625
0 0.4859375 0.646875 0.04296875 0.06484375
0 0.55625 0.66015625 0.0609375 0.05390625
0 0.6078125 0.61015625 0.03984375 0.0765625
0 0.5875 0.7078125 0.0484375 0.03984375
0 0.6296875 0.6640625 0.05703125 0.0515625
0 0.4578125 0.46640625 0.04609375 0.065625
0 0.5515625 0.5484375 0.0484375 0.0640625
0 0.4796875 0.54609375 0.05859375 0.0515625
0 0.49765625 0.51796875 0.0453125 0.0515625
0 0.4796875 0.59765625 0.0625 0.05234375
0 0.371875 0.50625 0.0546875 0.07890625
0 0.4140625 0.56796875 0.04375 0.04921875
0 0.46171875 0.83984375 0.05 0.08203125
0 0.54296875 0.60234375 0.0640625 0.04296875
0 0.2796875 0.64921875 0.04765625 0.0625
0 0.33046875 0.65390625 0.0578125 0.05546875