0 0.57578125 0.5890625 0.096875 0.0671875
0 0.60390625 0.5359375 0.090625 0.053125
0 0.2484375 0.728125 0.05625 0.084375
0 0.29375 0.66953125 0.0546875 0.046875
0 0.46484375 0.25234375 0.059375 0.059375
0 0.43984375 0.30703125 0.0515625 0.0671875
0 0.40234375 0.3421875 0.05 0.0609375
0 0.35390625 0.478125 0.0671875 0.046875
0 0.3375 0.54765625 0.05625 0.0640625
0 0.384375 0.6015625 0.078125 0.0453125
0 0.28828125 0.5765625 0.04375 0.05
0 0.3296875 0.62109375 0.0546875 0.059375
0 0.5359375 0.459375 0.06875 0.05
0 0.44921875 0.54921875 0.0671875 0.0515625
0 0.4546875 0.47734375 0.0546875 0.0625
0 0.48203125 0.496875 0.053125 0.0484375
0 0.40390625 0.47421875 0.05625 0.065625
0 0.50078125 0.371875 0.08125 0.059375
0 0.43671875 0.4109375 0.0515625 0.046875
0 0.1625 0.44375 0.084375 0.0546875
0 0.3953125 0.5375 0.046875 0.065625
0 0.3625 0.271875 0.065625 0.05
0 0.35546875 0.32265625 0.059375 0.0609375