0 0.44765625 0.22421875 0.06875 0.0921875
0 0.46875 0.2984375 0.04765625 0.04296875
0 0.46484375 0.371875 0.065625 0.0671875
0 0.62734375 0.34765625 0.07421875 0.04609375
0 0.82734375 0.29765625 0.08671875 0.0546875
0 0.609375 0.384375 0.0546875 0.05234375
0 0.61328125 0.434375 0.05703125 0.06328125
0 0.55078125 0.390625 0.0671875 0.07265625
0 0.34921875 0.47578125 0.034375 0.06015625
0 0.4390625 0.478125 0.078125 0.07109375
0 0.496875 0.43203125 0.05 0.05234375
0 0.525 0.4828125 0.04609375 0.06796875
0 0.46484375 0.55625 0.0546875 0.065625
0 0.409375 0.55078125 0.05703125 0.071875
0 0.30703125 0.54921875 0.04765625 0.06796875
0 0.32265625 0.4984375 0.03828125 0.046875
0 0.27734375 0.61015625 0.05390625 0.06875
0 0.32421875 0.640625 0.02734375 0.07734375
0 0.3578125 0.58359375 0.046875 0.05703125
0 0.3609375 0.68046875 0.0640625 0.0546875
0 0.38984375 0.72734375 0.0609375 0.07109375
0 0.41015625 0.8421875 0.05078125 0.078125
0 0.45703125 0.7046875 0.0703125 0.05
0 0.48046875 0.7484375 0.07734375 0.046875
0 0.5296875 0.63125 0.071875 0.0890625
0 0.6171875 0.57734375 0.0671875 0.0703125
0 0.671875 0.71015625 0.07265625 0.140625
0 0.571875 0.77265625 0.05625 0.06015625
0 0.9875 0.21953125 0.025 0.0390625