0 0.21953125 0.49375 0.1046875 0.0859375
0 0.29609375 0.48828125 0.053125 0.0546875
0 0.3671875 0.5078125 0.0796875 0.078125
0 0.37734375 0.34375 0.0609375 0.0828125
0 0.3703125 0.1375 0.071875 0.096875
0 0.409375 0.36875 0.0640625 0.0640625
0 0.459375 0.37578125 0.0734375 0.06875
0 0.40390625 0.42734375 0.084375 0.08125
0 0.4453125 0.6421875 0.065625 0.0453125
0 0.465625 0.5546875 0.0859375 0.090625
0 0.4328125 0.4890625 0.0625 0.059375
0 0.48828125 0.471875 0.0765625 0.059375
0 0.54765625 0.54609375 0.075 0.0671875
0 0.53046875 0.59921875 0.08125 0.0703125
0 0.5078125 0.69921875 0.0765625 0.059375
0 0.46171875 0.6734375 0.053125 0.046875
0 0.56171875 0.740625 0.078125 0.065625
0 0.60078125 0.7015625 0.0828125 0.04375
0 0.55234375 0.65625 0.0640625 0.0578125
0 0.64765625 0.6734375 0.0671875 0.0734375
0 0.69921875 0.6546875 0.0828125 0.075
0 0.81640625 0.659375 0.0875 0.065625
0 0.69140625 0.584375 0.0640625 0.0796875
0 0.7390625 0.57109375 0.0625 0.0859375
0 0.634375 0.4984375 0.1015625 0.0890625
0 0.6 0.4015625 0.0828125 0.0796875
0 0.74140625 0.37578125 0.153125 0.1
0 0.78203125 0.48671875 0.0703125 0.0671875
0 0.3265625 0.0078125 0.04375 0.015625