0 0.78046875 0.48671875 0.1015625 0.08125
0 0.70390625 0.496875 0.05 0.053125
0 0.63203125 0.4828125 0.075 0.075
0 0.6328125 0.64765625 0.05625 0.08125
0 0.6546875 0.85234375 0.065625 0.09375
0 0.59921875 0.62421875 0.0609375 0.0609375
0 0.54921875 0.62109375 0.0703125 0.0640625
0 0.6015625 0.565625 0.08125 0.0765625
0 0.5453125 0.35390625 0.0640625 0.0421875
0 0.53046875 0.44296875 0.0828125 0.0875
0 0.56796875 0.50625 0.059375 0.05625
0 0.51328125 0.52734375 0.075 0.05625
0 0.44921875 0.45703125 0.071875 0.0640625
0 0.4625 0.403125 0.0796875 0.065625
0 0.478125 0.30234375 0.075 0.05625
0 0.5265625 0.32421875 0.0515625 0.04375
0 0.421875 0.2640625 0.075 0.0625
0 0.38515625 0.30625 0.08125 0.0390625
0 0.43671875 0.34765625 0.0625 0.0546875
0 0.340625 0.3375 0.0625 0.0703125
0 0.28984375 0.359375 0.0796875 0.0703125
0 0.1734375 0.36328125 0.084375 0.0609375
0 0.303125 0.42890625 0.059375 0.0765625
0 0.25703125 0.44609375 0.0578125 0.084375
0 0.365625 0.5109375 0.0984375 0.0828125
0 0.40703125 0.60546875 0.0796875 0.0765625
0 0.26796875 0.640625 0.15 0.090625
0 0.2203125 0.53359375 0.0671875 0.0640625