0 0.6 0.56171875 0.10625 0.084375
0 0.609375 0.50234375 0.096875 0.06875
0 0.33125 0.79453125 0.0703125 0.0921875
0 0.35625 0.725 0.0625 0.05625
0 0.38984375 0.27578125 0.06875 0.06875
0 0.3828125 0.33515625 0.0640625 0.075
0 0.35859375 0.38046875 0.0609375 0.06875
0 0.3546875 0.52421875 0.075 0.059375
0 0.36015625 0.59609375 0.0671875 0.071875
0 0.421875 0.6328125 0.084375 0.059375
0 0.321875 0.63828125 0.0515625 0.0578125
0 0.375 0.66796875 0.0640625 0.0671875
0 0.521875 0.45078125 0.075 0.0625
0 0.46640625 0.5625 0.075 0.0640625
0 0.45 0.4921875 0.065625 0.0703125
0 0.48203125 0.50234375 0.0609375 0.0578125
0 0.40078125 0.50546875 0.0671875 0.0734375
0 0.4609375 0.378125 0.0890625 0.0734375
0 0.41171875 0.434375 0.059375 0.0546875
0 0.16171875 0.55078125 0.0921875 0.06875
0 0.4125 0.56796875 0.059375 0.0734375
0 0.29921875 0.32578125 0.071875 0.0609375
0 0.3078125 0.37578125 0.06875 0.0703125