0 0.23046875 0.4171875 0.059375 0.059375
0 0.27890625 0.4296875 0.0578125 0.053125
0 0.38046875 0.45625 0.0671875 0.059375
0 0.5109375 0.42890625 0.0625 0.0921875
0 0.278125 0.509375 0.084375 0.06875
0 0.2015625 0.64296875 0.065625 0.0625
0 0.23984375 0.81171875 0.0609375 0.06875
0 0.32421875 0.7765625 0.078125 0.1015625
0 0.29609375 0.625 0.0734375 0.0703125
0 0.30859375 0.68828125 0.0703125 0.0546875
0 0.39609375 0.67421875 0.0515625 0.08125
0 0.35625 0.68515625 0.0703125 0.075
0 0.6546875 0.7515625 0.071875 0.0828125
0 0.7875 0.6921875 0.090625 0.0671875
0 0.7296875 0.67109375 0.06875 0.0640625
0 0.6859375 0.65703125 0.06875 0.0515625
0 0.63203125 0.68515625 0.053125 0.0640625
0 0.571875 0.69453125 0.065625 0.065625
0 0.57890625 0.6546875 0.059375 0.040625
0 0.60390625 0.57265625 0.0765625 0.0640625
0 0.55546875 0.5328125 0.08125 0.08125
0 0.5015625 0.54375 0.0671875 0.0546875
0 0.41484375 0.59921875 0.0640625 0.0671875
0 0.425 0.50703125 0.075 0.05
0 0.49609375 0.48828125 0.0546875 0.0703125
0 0.51328125 0.6265625 0.078125 0.0359375
0 0.53203125 0.67421875 0.08125 0.059375
0 0.60859375 0.6109375 0.0578125 0.05625