0 0.34609375 0.7359375 0.0546875 0.05625
0 0.371875 0.69375 0.0484375 0.053125
0 0.425 0.603125 0.053125 0.0640625
0 0.434375 0.4703125 0.0875 0.0546875
0 0.4484375 0.715625 0.0625 0.0796875
0 0.55546875 0.8265625 0.0578125 0.0609375
0 0.728125 0.8359375 0.065625 0.0546875
0 0.71796875 0.74453125 0.0953125 0.0703125
0 0.5640625 0.73046875 0.0640625 0.0671875
0 0.628125 0.7359375 0.0484375 0.065625
0 0.6390625 0.64765625 0.078125 0.04375
0 0.63828125 0.6890625 0.0703125 0.065625
0 0.784375 0.4203125 0.078125 0.065625
0 0.7640625 0.2765625 0.059375 0.0859375
0 0.72734375 0.3265625 0.0578125 0.0640625
0 0.70234375 0.36484375 0.0453125 0.065625
0 0.71484375 0.42421875 0.059375 0.0484375
0 0.70703125 0.484375 0.0609375 0.0609375
0 0.67109375 0.4671875 0.0359375 0.0578125
0 0.5984375 0.4203125 0.0578125 0.071875
0 0.546875 0.45546875 0.075 0.075
0 0.5421875 0.5109375 0.0484375 0.0625
0 0.571875 0.609375 0.0625 0.059375
0 0.48671875 0.57421875 0.04375 0.071875
0 0.4875 0.50078125 0.065625 0.0484375
0 0.625 0.521875 0.028125 0.0765625
0 0.6765625 0.5171875 0.053125 0.0765625
0 0.63671875 0.4265625 0.0515625 0.053125