0 0.146875 0.45703125 0.0890625 0.0578125
0 0.2421875 0.25625 0.0953125 0.0703125
0 0.33125 0.3125 0.078125 0.053125
0 0.41015625 0.28515625 0.04375 0.0765625
0 0.22890625 0.54375 0.109375 0.0734375
0 0.590625 0.62890625 0.0671875 0.090625
0 0.66171875 0.53828125 0.065625 0.06875
0 0.7640625 0.59921875 0.0765625 0.046875
0 0.77734375 0.54609375 0.0578125 0.08125
0 0.834375 0.4515625 0.05625 0.06875
0 0.49765625 0.43984375 0.0734375 0.0453125
0 0.4296875 0.49765625 0.0546875 0.0375
0 0.47890625 0.484375 0.065625 0.053125
0 0.46796875 0.53671875 0.0890625 0.0375
0 0.5578125 0.5359375 0.08125 0.0640625
0 0.48984375 0.571875 0.0515625 0.08125
0 0.42265625 0.5734375 0.08125 0.0515625
0 0.35234375 0.52421875 0.0890625 0.06875
0 0.390625 0.453125 0.053125 0.0578125
0 0.415625 0.375 0.06875 0.0375
0 0.396875 0.4109375 0.0671875 0.046875
0 0.340625 0.34765625 0.0375 0.06875
0 0.36953125 0.36171875 0.046875 0.071875
0 0.5171875 0.36953125 0.0796875 0.0875