0 0.2515625 0.3671875 0.0515625 0.05078125
0 0.29609375 0.3890625 0.04921875 0.04296875
0 0.390625 0.434375 0.06015625 0.0484375
0 0.52421875 0.43203125 0.04765625 0.084375
0 0.28046875 0.4671875 0.075 0.05625
0 0.1796875 0.58359375 0.05703125 0.05390625
0 0.18515625 0.75625 0.05 0.0609375
0 0.275 0.73828125 0.0625 0.09140625
0 0.27578125 0.58359375 0.0625 0.06015625
0 0.27578125 0.6484375 0.06328125 0.04453125
0 0.36484375 0.6515625 0.03671875 0.075
0 0.3234375 0.65390625 0.05859375 0.065625
0 0.60390625 0.7765625 0.06015625 0.0734375
0 0.7453125 0.74375 0.08203125 0.053125
0 0.69296875 0.71171875 0.06015625 0.05390625
0 0.65234375 0.68984375 0.0625 0.040625
0 0.59453125 0.70703125 0.04453125 0.05625
0 0.53359375 0.7046875 0.05625 0.05546875
0 0.54765625 0.6671875 0.0546875 0.03125
0 0.58828125 0.59140625 0.0671875 0.0515625
0 0.5484375 0.54296875 0.06875 0.06796875
0 0.49296875 0.54296875 0.06015625 0.04296875
0 0.39765625 0.58125 0.0546875 0.0578125
0 0.425 0.49296875 0.06953125 0.0375
0 0.4984375 0.4875 0.04296875 0.06171875
0 0.4890625 0.6265625 0.07578125 0.021875
0 0.4984375 0.67734375 0.0734375 0.04609375
0 0.58515625 0.6296875 0.05 0.046875