0 0.853125 0.45625 0.09375 0.06875
0 0.809375 0.67421875 0.103125 0.08125
0 0.70859375 0.640625 0.0828125 0.0640625
0 0.6390625 0.68671875 0.0546875 0.08125
0 0.753125 0.3921875 0.1171875 0.0875
0 0.38125 0.396875 0.078125 0.0984375
0 0.334375 0.50234375 0.0734375 0.0765625
0 0.2203125 0.46796875 0.08125 0.0578125
0 0.21953125 0.52265625 0.0671875 0.0875
0 0.1875 0.62734375 0.0640625 0.075
0 0.5171875 0.5578125 0.078125 0.0546875
0 0.56875 0.48515625 0.059375 0.04375
0 0.52421875 0.51015625 0.0703125 0.0609375
0 0.521875 0.45703125 0.0921875 0.0484375
0 0.43515625 0.47890625 0.0875 0.0734375
0 0.4921875 0.42734375 0.0609375 0.0859375
0 0.55703125 0.41015625 0.0859375 0.0609375
0 0.6375 0.440625 0.096875 0.0796875
0 0.6171875 0.51953125 0.059375 0.0625
0 0.61171875 0.60078125 0.071875 0.046875
0 0.621875 0.56171875 0.0734375 0.0546875
0 0.69140625 0.609375 0.046875 0.071875
0 0.66015625 0.60234375 0.05625 0.078125
0 0.51484375 0.63046875 0.0890625 0.096875