0 0.52421875 0.1453125 0.05390625 0.0859375
0 0.7296875 0.2296875 0.065625 0.0921875
0 0.678125 0.321875 0.04921875 0.07421875
0 0.71015625 0.39921875 0.07421875 0.040625
0 0.4421875 0.23125 0.06875 0.10625
0 0.37578125 0.596875 0.08671875 0.06328125
0 0.4703125 0.66328125 0.065625 0.06328125
0 0.41484375 0.76875 0.04375 0.07421875
0 0.46875 0.7796875 0.07734375 0.05234375
0 0.565625 0.83125 0.06484375 0.05234375
0 0.56015625 0.49453125 0.0421875 0.07109375
0 0.4984375 0.4296875 0.03515625 0.05234375
0 0.51484375 0.478125 0.04921875 0.06328125
0 0.46171875 0.4703125 0.0328125 0.08671875
0 0.4671875 0.559375 0.06015625 0.07890625
0 0.42734375 0.49375 0.07890625 0.046875
0 0.42265625 0.4265625 0.046875 0.07734375
0 0.46796875 0.35390625 0.0640625 0.0859375
0 0.54140625 0.38828125 0.0546875 0.04921875
0 0.6203125 0.409375 0.03515625 0.0671875
0 0.58359375 0.3921875 0.04296875 0.06484375
0 0.64375 0.3328125 0.0671875 0.03515625
0 0.63125 0.3625 0.0703125 0.04296875
0 0.63125 0.51015625 0.084375 0.075