0 0.634375 0.4359375 0.0796875 0.05
0 0.571875 0.51171875 0.065625 0.0609375
0 0.13515625 0.79765625 0.071875 0.1
0 0.27734375 0.6578125 0.0703125 0.075
0 0.20390625 0.59609375 0.071875 0.0703125
0 0.2765625 0.578125 0.0640625 0.075
0 0.56796875 0.13203125 0.059375 0.0828125
0 0.61484375 0.36171875 0.0390625 0.065625
0 0.53671875 0.38984375 0.075 0.0484375
0 0.4765625 0.296875 0.059375 0.0734375
0 0.45390625 0.37578125 0.065625 0.046875
0 0.41328125 0.26640625 0.0625 0.0453125
0 0.40390625 0.2984375 0.0703125 0.0484375
0 0.409375 0.33984375 0.05 0.0609375
0 0.27734375 0.18515625 0.0640625 0.0796875
0 0.07890625 0.31015625 0.08125 0.0671875
0 0.3625 0.46015625 0.05625 0.0703125
0 0.3671875 0.52265625 0.0546875 0.0703125
0 0.41328125 0.5796875 0.0546875 0.0734375
0 0.33359375 0.57734375 0.0515625 0.0671875
0 0.321875 0.5234375 0.065625 0.05625
0 0.45390625 0.54296875 0.0640625 0.05
0 0.56328125 0.46875 0.0765625 0.04375
0 0.5015625 0.5015625 0.0703125 0.0484375
0 0.446875 0.4921875 0.05625 0.0453125
0 0.425 0.45546875 0.0515625 0.0671875
0 0.540625 0.3578125 0.046875 0.04375
0 0.37421875 0.3609375 0.04375 0.0640625
0 0.3296875 0.35234375 0.0421875 0.0640625
0 0.47265625 0.440625 0.0421875 0.0609375