0 0.4609375 0.228125 0.0796875 0.1265625
0 0.9703125 0.1359375 0.059375 0.0875
0 0.5140625 0.31328125 0.075 0.0875
0 0.56875 0.34140625 0.0515625 0.0640625
0 0.68515625 0.3671875 0.0625 0.0546875
0 0.6203125 0.36953125 0.0453125 0.04375
0 0.61328125 0.409375 0.0875 0.04375
0 0.60078125 0.45703125 0.0796875 0.0828125
0 0.4171875 0.39921875 0.0828125 0.0828125
0 0.48515625 0.378125 0.05625 0.05625
0 0.509375 0.428125 0.0265625 0.0625
0 0.53515625 0.3890625 0.05625 0.059375
0 0.55703125 0.565625 0.0765625 0.0828125
0 0.51796875 0.47890625 0.040625 0.05625
0 0.4921875 0.85625 0.0859375 0.05625
0 0.3125 0.61484375 0.0546875 0.075
0 0.34453125 0.5796875 0.05625 0.0859375
0 0.39921875 0.5921875 0.065625 0.06875
0 0.4609375 0.55078125 0.0453125 0.075
0 0.4171875 0.465625 0.0421875 0.065625
0 0.34921875 0.47421875 0.05 0.0453125
0 0.44921875 0.484375 0.04375 0.046875
0 0.415625 0.52890625 0.0546875 0.06875
0 0.36640625 0.515625 0.071875 0.0484375