0 0.7625 0.41875 0.128125 0.0828125
0 0.93515625 0.921875 0.0875 0.0890625
0 0.68671875 0.484375 0.0890625 0.075
0 0.66796875 0.54375 0.0640625 0.0515625
0 0.66015625 0.6625 0.0546875 0.0640625
0 0.64765625 0.5984375 0.04375 0.0453125
0 0.60703125 0.59765625 0.0453125 0.0875
0 0.55859375 0.59296875 0.084375 0.08125
0 0.58671875 0.40234375 0.084375 0.084375
0 0.61796875 0.46640625 0.0578125 0.0578125
0 0.57265625 0.4984375 0.0625 0.0265625
0 0.61484375 0.5171875 0.0609375 0.0578125
0 0.44375 0.5671875 0.084375 0.078125
0 0.52421875 0.5140625 0.05625 0.0421875
0 0.146875 0.5484375 0.05625 0.0875
0 0.3578125 0.3328125 0.0765625 0.05625
0 0.396875 0.359375 0.0875 0.05625
0 0.39296875 0.415625 0.06875 0.065625
0 0.44375 0.46953125 0.075 0.046875
0 0.5203125 0.4125 0.065625 0.0421875
0 0.5015625 0.346875 0.046875 0.05
0 0.50703125 0.44765625 0.046875 0.04375
0 0.45859375 0.42109375 0.0703125 0.05625
0 0.46328125 0.3703125 0.05 0.071875