0 0.4203125 0.37421875 0.03984375 0.07421875
0 0.503125 0.42734375 0.0546875 0.06015625
0 0.83984375 0.82578125 0.09453125 0.0609375
0 0.68359375 0.7015625 0.0671875 0.0625
0 0.63125 0.78203125 0.0625 0.0640625
0 0.6046875 0.7125 0.06953125 0.05625
0 0.1265625 0.47734375 0.0765625 0.05078125
0 0.3484375 0.403125 0.06171875 0.03203125
0 0.3859375 0.47734375 0.04140625 0.0703125
0 0.3015625 0.54765625 0.0671875 0.0515625
0 0.38203125 0.5609375 0.0390625 0.0609375
0 0.27890625 0.61484375 0.0390625 0.0578125
0 0.31171875 0.6203125 0.03984375 0.065625
0 0.35234375 0.609375 0.05703125 0.04375
0 0.21484375 0.759375 0.0734375 0.05625
0 0.36328125 0.94140625 0.0578125 0.075
0 0.47734375 0.64140625 0.06484375 0.0484375
0 0.53828125 0.62890625 0.06640625 0.04609375
0 0.58984375 0.5765625 0.06875 0.046875
0 0.596875 0.65546875 0.06171875 0.04375
0 0.5453125 0.67421875 0.05 0.059375
0 0.5484375 0.540625 0.04375 0.06015625
0 0.4609375 0.44140625 0.03515625 0.0734375
0 0.5015625 0.4984375 0.03984375 0.06484375
0 0.4984375 0.55390625 0.0390625 0.0515625
0 0.46484375 0.5796875 0.06171875 0.04375
0 0.35390625 0.47734375 0.0390625 0.0421875
0 0.37734375 0.64140625 0.06015625 0.0375
0 0.37421875 0.68671875 0.06015625 0.0359375
0 0.44453125 0.534375 0.05703125 0.0359375