0 0.4421875 0.23125 0.071875 0.121875
0 0.95859375 0.103125 0.0828125 0.08125
0 0.50078125 0.3125 0.06796875 0.0828125
0 0.5578125 0.33671875 0.046875 0.0609375
0 0.67578125 0.3546875 0.059375 0.05078125
0 0.6109375 0.36171875 0.0421875 0.03984375
0 0.60703125 0.4015625 0.084375 0.03671875
0 0.59765625 0.45 0.07421875 0.078125
0 0.41015625 0.40546875 0.078125 0.07734375
0 0.4765625 0.3796875 0.053125 0.053125
0 0.5046875 0.42734375 0.02265625 0.0609375
0 0.52734375 0.38671875 0.05234375 0.05625
0 0.56171875 0.56171875 0.071875 0.07734375
0 0.51640625 0.47734375 0.03671875 0.05390625
0 0.5171875 0.85625 0.0828125 0.05078125
0 0.32109375 0.62734375 0.05 0.07109375
0 0.35078125 0.590625 0.05 0.0828125
0 0.40625 0.59921875 0.0609375 0.0640625
0 0.46484375 0.553125 0.040625 0.07265625
0 0.41484375 0.471875 0.03671875 0.06171875
0 0.34765625 0.48515625 0.04609375 0.0421875
0 0.4484375 0.48828125 0.040625 0.04375
0 0.41796875 0.534375 0.05 0.06484375
0 0.36796875 0.525 0.06796875 0.04375