0 0.42734375 0.3703125 0.04375 0.0765625
0 0.50703125 0.42734375 0.0578125 0.0625
0 0.82265625 0.84296875 0.096875 0.065625
0 0.67265625 0.7109375 0.0703125 0.065625
0 0.61640625 0.78828125 0.065625 0.0671875
0 0.59375 0.71796875 0.071875 0.059375
0 0.128125 0.4578125 0.0796875 0.0546875
0 0.35390625 0.3953125 0.0640625 0.034375
0 0.3875 0.47109375 0.04375 0.071875
0 0.29921875 0.5375 0.0703125 0.0546875
0 0.37890625 0.5546875 0.0421875 0.0625
0 0.2734375 0.603125 0.0421875 0.059375
0 0.30546875 0.61015625 0.04375 0.0671875
0 0.346875 0.6015625 0.0578125 0.046875
0 0.2015625 0.74375 0.0765625 0.059375
0 0.340625 0.93359375 0.0609375 0.078125
0 0.4703125 0.63984375 0.06875 0.0515625
0 0.53125 0.63046875 0.06875 0.05
0 0.5859375 0.58125 0.071875 0.05
0 0.58828125 0.66015625 0.0640625 0.046875
0 0.5359375 0.6765625 0.053125 0.0625
0 0.54609375 0.54296875 0.046875 0.0609375
0 0.4640625 0.4390625 0.0375 0.075
0 0.5015625 0.4984375 0.04375 0.0671875
0 0.4953125 0.55390625 0.0421875 0.053125
0 0.4609375 0.578125 0.0640625 0.046875
0 0.35546875 0.46953125 0.040625 0.04375
0 0.3703125 0.63515625 0.0609375 0.040625
0 0.36484375 0.6796875 0.0609375 0.0390625
0 0.44296875 0.53125 0.0578125 0.0390625