0 0.24140625 0.5984375 0.1046875 0.0671875
0 0.27265625 0.33671875 0.0734375 0.06875
0 0.35234375 0.5609375 0.046875 0.0671875
0 0.38828125 0.53828125 0.0546875 0.06875
0 0.34453125 0.471875 0.0609375 0.08125
0 0.40625 0.42890625 0.0703125 0.05625
0 0.4265625 0.50234375 0.0625 0.0515625
0 0.45 0.59296875 0.0625 0.075
0 0.54921875 0.68515625 0.0765625 0.06875
0 0.75390625 0.9328125 0.0984375 0.078125
0 0.8140625 0.3765625 0.0640625 0.0765625
0 0.7 0.50703125 0.071875 0.05625
0 0.596875 0.42890625 0.071875 0.1015625
0 0.6796875 0.61875 0.059375 0.06875
0 0.6484375 0.5359375 0.075 0.059375
0 0.6796875 0.57578125 0.1109375 0.059375
0 0.56640625 0.528125 0.0765625 0.0609375
0 0.50546875 0.5140625 0.0625 0.0546875
0 0.46640625 0.48046875 0.0375 0.0625
0 0.49921875 0.47265625 0.053125 0.053125
0 0.528125 0.61328125 0.0515625 0.0796875
0 0.56953125 0.60546875 0.0546875 0.09375
0 0.38046875 0.46171875 0.053125 0.053125