0 0.54921875 0.22890625 0.0875 0.07890625
0 0.30234375 0.44765625 0.06328125 0.02890625
0 0.30390625 0.48828125 0.0484375 0.0484375
0 0.4359375 0.41171875 0.0671875 0.05625
0 0.590625 0.5140625 0.06015625 0.07265625
0 0.678125 0.6953125 0.0671875 0.03828125
0 0.77734375 0.78203125 0.0890625 0.065625
0 0.59609375 0.71640625 0.0765625 0.06171875
0 0.64765625 0.7359375 0.0484375 0.06875
0 0.69140625 0.734375 0.06015625 0.0609375
0 0.5390625 0.65546875 0.04296875 0.0734375
0 0.5984375 0.6015625 0.04765625 0.07265625
0 0.53671875 0.52890625 0.0375 0.07109375
0 0.465625 0.48046875 0.03671875 0.065625
0 0.32734375 0.55546875 0.05625 0.0484375
0 0.24453125 0.76796875 0.06875 0.05625
0 0.19765625 0.540625 0.07421875 0.046875
0 0.3828125 0.678125 0.05234375 0.0765625
0 0.39921875 0.81015625 0.06875 0.04765625
0 0.42734375 0.52265625 0.04765625 0.03984375
0 0.4203125 0.5640625 0.06328125 0.04453125
0 0.48984375 0.596875 0.04609375 0.0765625
0 0.42734375 0.6515625 0.05078125 0.04375
0 0.4453125 0.684375 0.0484375 0.053125
0 0.32890625 0.646875 0.03984375 0.0703125