0 0.44296875 0.22890625 0.05390625 0.09765625
0 0.696875 0.30078125 0.06015625 0.06484375
0 0.46328125 0.34453125 0.06171875 0.03671875
0 0.4796875 0.38359375 0.06328125 0.0453125
0 0.55234375 0.35078125 0.07421875 0.04921875
0 0.58515625 0.41875 0.046875 0.0640625
0 0.509375 0.42734375 0.04375 0.05703125
0 0.415625 0.4359375 0.0671875 0.05234375
0 0.309375 0.51953125 0.059375 0.06875
0 0.0328125 0.6828125 0.065625 0.0890625
0 0.57265625 0.8296875 0.06796875 0.0546875
0 0.46171875 0.69609375 0.04765625 0.065625
0 0.5546875 0.60703125 0.09375 0.0578125
0 0.3546875 0.65859375 0.0609375 0.05078125
0 0.44140625 0.640625 0.04921875 0.06796875
0 0.396875 0.665625 0.04296875 0.1046875
0 0.46171875 0.5609375 0.04921875 0.0703125
0 0.48515625 0.503125 0.04765625 0.05703125
0 0.52421875 0.46953125 0.059375 0.02734375
0 0.52734375 0.50390625 0.04609375 0.04765625
0 0.38359375 0.51015625 0.075 0.03984375
0 0.38515625 0.55234375 0.0890625 0.03984375
0 0.55625 0.38828125 0.04609375 0.04765625