0 0.41484375 0.23671875 0.0625 0.1015625
0 0.675 0.28125 0.065625 0.071875
0 0.446875 0.34921875 0.065625 0.04375
0 0.46796875 0.38671875 0.0671875 0.0515625
0 0.53671875 0.34609375 0.0796875 0.0578125
0 0.5765625 0.41015625 0.053125 0.06875
0 0.5015625 0.4265625 0.05 0.0609375
0 0.409375 0.4453125 0.071875 0.059375
0 0.3125 0.5390625 0.065625 0.075
0 0.0546875 0.73046875 0.075 0.0953125
0 0.60703125 0.8203125 0.0734375 0.0609375
0 0.4828125 0.69921875 0.053125 0.0703125
0 0.565625 0.60078125 0.1 0.0671875
0 0.371875 0.67265625 0.065625 0.05625
0 0.45625 0.64609375 0.05625 0.0734375
0 0.41484375 0.67578125 0.0546875 0.109375
0 0.46796875 0.56484375 0.0578125 0.075
0 0.4859375 0.5046875 0.053125 0.0609375
0 0.52109375 0.4671875 0.0625 0.034375
0 0.52734375 0.50078125 0.0515625 0.0515625
0 0.38515625 0.52265625 0.078125 0.0484375
0 0.39140625 0.5640625 0.0921875 0.05
0 0.54453125 0.3828125 0.0515625 0.0515625