0 0.775 0.5203125 0.0875 0.0953125
0 0.53125 0.29765625 0.034375 0.065625
0 0.49140625 0.30390625 0.053125 0.053125
0 0.58125 0.42734375 0.0625 0.0734375
0 0.4953125 0.59140625 0.078125 0.0671875
0 0.32421875 0.69765625 0.04375 0.0703125
0 0.2484375 0.80546875 0.075 0.0953125
0 0.29453125 0.61796875 0.0703125 0.0828125
0 0.28046875 0.671875 0.0734375 0.0546875
0 0.28671875 0.71484375 0.0671875 0.065625
0 0.34921875 0.55546875 0.078125 0.0515625
0 0.409375 0.60859375 0.0765625 0.0546875
0 0.475 0.53984375 0.075 0.0453125
0 0.515625 0.4640625 0.06875 0.04375
0 0.4265625 0.334375 0.0546875 0.0609375
0 0.20703125 0.27421875 0.0625 0.075
0 0.428125 0.20390625 0.0546875 0.0796875
0 0.3109375 0.40234375 0.08125 0.0609375
0 0.18125 0.43203125 0.053125 0.0734375
0 0.46953125 0.43046875 0.0453125 0.0515625
0 0.428125 0.42734375 0.05 0.0671875
0 0.40234375 0.5 0.08125 0.0546875
0 0.34140625 0.44375 0.0484375 0.0546875
0 0.3109375 0.46484375 0.0578125 0.053125
0 0.3359375 0.3453125 0.0734375 0.0484375