0 0.76328125 0.58203125 0.0875 0.096875
0 0.57578125 0.31015625 0.0359375 0.065625
0 0.53515625 0.30703125 0.0546875 0.0546875
0 0.5953125 0.446875 0.0640625 0.0734375
0 0.475 0.58828125 0.078125 0.0671875
0 0.284375 0.653125 0.0453125 0.071875
0 0.1859375 0.740625 0.0765625 0.096875
0 0.2734375 0.56875 0.071875 0.084375
0 0.24765625 0.61796875 0.0734375 0.05625
0 0.24375 0.66171875 0.0671875 0.065625
0 0.340625 0.51953125 0.078125 0.053125
0 0.3875 0.58515625 0.0765625 0.0546875
0 0.4671875 0.5328125 0.0765625 0.0453125
0 0.5234375 0.46796875 0.0703125 0.0453125
0 0.465625 0.321875 0.0546875 0.0625
0 0.26484375 0.2140625 0.0640625 0.075
0 0.496875 0.1953125 0.05625 0.0796875
0 0.3375 0.36171875 0.0828125 0.0625
0 0.2046875 0.3625 0.0546875 0.0734375
0 0.48671875 0.425 0.0453125 0.0515625
0 0.44609375 0.41328125 0.0515625 0.0671875
0 0.40546875 0.478125 0.08125 0.05625
0 0.35859375 0.409375 0.05 0.0546875
0 0.3234375 0.4234375 0.059375 0.0546875
0 0.375 0.3125 0.075 0.0484375