0 0.77265625 0.45859375 0.0984375 0.0640625
0 0.7859375 0.61796875 0.0671875 0.0703125
0 0.72109375 0.6140625 0.0859375 0.0671875
0 0.6984375 0.7125 0.034375 0.0671875
0 0.66171875 0.71953125 0.0453125 0.071875
0 0.5078125 0.70234375 0.0515625 0.0609375
0 0.6390625 0.6140625 0.0671875 0.0515625
0 0.6234375 0.5578125 0.071875 0.0484375
0 0.37890625 0.04609375 0.1140625 0.0921875
0 0.43046875 0.28828125 0.0703125 0.0578125
0 0.47578125 0.3140625 0.0484375 0.0703125
0 0.4265625 0.3765625 0.0625 0.0609375
0 0.44140625 0.4546875 0.0546875 0.06875
0 0.49140625 0.478125 0.0453125 0.05
0 0.5703125 0.5015625 0.046875 0.0484375
0 0.52578125 0.51875 0.0453125 0.053125
0 0.48203125 0.540625 0.065625 0.0453125
0 0.42890625 0.5234375 0.0578125 0.0921875
0 0.38515625 0.4609375 0.0703125 0.0640625
0 0.1765625 0.55859375 0.0796875 0.059375
0 0.58046875 0.37734375 0.0875 0.0546875
0 0.575 0.43046875 0.0578125 0.0546875
0 0.52421875 0.42734375 0.05625 0.040625
0 0.47421875 0.39609375 0.046875 0.04375
0 0.5609375 0.62890625 0.0875 0.0546875
0 0.4828125 0.6375 0.0578125 0.0703125
0 0.3109375 0.4515625 0.0515625 0.0703125
0 0.19609375 0.2890625 0.0875 0.1015625
0 0.5390625 0.78515625 0.0875 0.059375
0 0.62265625 0.51484375 0.0546875 0.0671875