0 0.46171875 0.4359375 0.06015625 0.05703125
0 0.26484375 0.5375 0.0796875 0.05390625
0 0.371875 0.5015625 0.06484375 0.046875
0 0.3359375 0.5640625 0.0609375 0.04375
0 0.40703125 0.590625 0.05625 0.04609375
0 0.4484375 0.546875 0.0625 0.03828125
0 0.4234375 0.63046875 0.06796875 0.05546875
0 0.4671875 0.72734375 0.07578125 0.0390625
0 0.51171875 0.60234375 0.05234375 0.05234375
0 0.5375 0.53515625 0.05703125 0.0625
0 0.49921875 0.496875 0.03046875 0.04765625
0 0.46015625 0.49765625 0.05078125 0.0390625
0 0.30546875 0.809375 0.03984375 0.0609375
0 0.26484375 0.7890625 0.03203125 0.0484375
0 0.20859375 0.78203125 0.04921875 0.06640625
0 0.34375 0.6921875 0.04453125 0.065625
0 0.5984375 0.7078125 0.0578125 0.0515625
0 0.6734375 0.7 0.07578125 0.04375
0 0.6859375 0.7703125 0.07265625 0.04765625
0 0.9421875 0.8984375 0.08671875 0.08125
0 0.5359375 0.6625 0.03984375 0.05390625
0 0.5890625 0.57109375 0.0515625 0.04921875
0 0.5578125 0.59921875 0.04296875 0.06796875
0 0.603125 0.65703125 0.07578125 0.040625
0 0.41953125 0.4859375 0.03359375 0.0421875