0 0.45390625 0.228125 0.06171875 0.09765625
0 0.61328125 0.21171875 0.06796875 0.065625
0 0.61015625 0.2765625 0.06484375 0.08515625
0 0.709375 0.29765625 0.0671875 0.0328125
0 0.71640625 0.334375 0.07109375 0.04296875
0 0.70234375 0.48828125 0.06015625 0.05078125
0 0.61171875 0.35859375 0.05078125 0.06484375
0 0.55546875 0.37578125 0.046875 0.0703125
0 0.046875 0.62890625 0.09375 0.11171875
0 0.28984375 0.5734375 0.05703125 0.06875
0 0.31484375 0.52734375 0.06875 0.046875
0 0.378125 0.57578125 0.059375 0.0609375
0 0.45546875 0.559375 0.0671875 0.053125
0 0.478125 0.50859375 0.05078125 0.04296875
0 0.5 0.4296875 0.04609375 0.0453125
0 0.51796875 0.47421875 0.05390625 0.04375
0 0.540625 0.5171875 0.04296875 0.065625
0 0.525 0.5703125 0.08984375 0.05625
0 0.46328125 0.615625 0.06171875 0.06875
0 0.5640625 0.82265625 0.0578125 0.07734375
0 0.37578125 0.421875 0.05234375 0.0859375
0 0.42890625 0.4265625 0.05390625 0.05703125
0 0.4265625 0.47734375 0.0390625 0.05703125
0 0.396875 0.52734375 0.0421875 0.04765625
0 0.628125 0.43671875 0.05234375 0.0859375
0 0.6375 0.51484375 0.06875 0.05625
0 0.4546875 0.68984375 0.06796875 0.05
0 0.29453125 0.8078125 0.10078125 0.0859375
0 0.784375 0.45625 0.0578125 0.0859375
0 0.5125 0.37734375 0.06484375 0.05234375