0 0.45 0.44453125 0.06875 0.0671875
0 0.2765625 0.58203125 0.0890625 0.0671875
0 0.37421875 0.52578125 0.0734375 0.0578125
0 0.3515625 0.59453125 0.06875 0.0546875
0 0.42578125 0.60703125 0.0640625 0.05625
0 0.45859375 0.55546875 0.06875 0.0484375
0 0.45 0.64296875 0.078125 0.06875
0 0.5109375 0.7296875 0.08125 0.053125
0 0.53125 0.5984375 0.0625 0.0625
0 0.54375 0.52734375 0.0671875 0.071875
0 0.4984375 0.496875 0.0390625 0.0515625
0 0.46015625 0.50546875 0.05625 0.0484375
0 0.36796875 0.840625 0.0515625 0.0671875
0 0.32421875 0.82890625 0.040625 0.053125
0 0.26796875 0.8328125 0.0609375 0.0734375
0 0.38359375 0.71875 0.0546875 0.0734375
0 0.6359375 0.68515625 0.0671875 0.0609375
0 0.70859375 0.66328125 0.08125 0.0578125
0 0.734375 0.7296875 0.0796875 0.059375
0 0.9796875 0.80625 0.040625 0.096875
0 0.56640625 0.65234375 0.05 0.059375
0 0.60078125 0.553125 0.059375 0.059375
0 0.57578125 0.58671875 0.05625 0.0765625
0 0.63125 0.634375 0.08125 0.0546875
0 0.41796875 0.5015625 0.0421875 0.0484375