0 0.24375 0.6015625 0.1078125 0.08125
0 0.19453125 0.44921875 0.078125 0.08125
0 0.25859375 0.4390625 0.096875 0.08125
0 0.25859375 0.3375 0.0453125 0.071875
0 0.29296875 0.32265625 0.0578125 0.0796875
0 0.44609375 0.3046875 0.0609375 0.06875
0 0.33828125 0.4203125 0.075 0.0625
0 0.3671875 0.471875 0.078125 0.0609375
0 0.7203125 0.91640625 0.1296875 0.115625
0 0.615625 0.690625 0.0796875 0.06875
0 0.565625 0.67578125 0.059375 0.0765625
0 0.59921875 0.603125 0.071875 0.0703125
0 0.5671875 0.53125 0.065625 0.0765625
0 0.51328125 0.51953125 0.053125 0.0578125
0 0.43125 0.51484375 0.0546875 0.0546875
0 0.47109375 0.4875 0.053125 0.0609375
0 0.50859375 0.45703125 0.0734375 0.05625
0 0.56328125 0.4609375 0.0734375 0.1
0 0.62109375 0.51171875 0.0796875 0.075
0 0.80234375 0.3703125 0.0890625 0.0734375
0 0.44921875 0.6375 0.0953125 0.0703125
0 0.44296875 0.58515625 0.065625 0.0640625
0 0.49296875 0.5765625 0.0625 0.05
0 0.5484375 0.5953125 0.0546875 0.0515625
0 0.41171875 0.3875 0.0953125 0.0703125
0 0.4859375 0.3625 0.06875 0.0796875
0 0.6953125 0.5046875 0.0625 0.078125
0 0.84375 0.63671875 0.1046875 0.115625
0 0.3984375 0.23125 0.0953125 0.075
0 0.37734375 0.51328125 0.065625 0.075