0 0.5703125 0.475 0.0671875 0.06875
0 0.5078125 0.26171875 0.0671875 0.0890625
0 0.52265625 0.37421875 0.0578125 0.0734375
0 0.46875 0.3265625 0.0546875 0.06875
0 0.42890625 0.39140625 0.05625 0.0640625
0 0.4640625 0.440625 0.0484375 0.06875
0 0.38671875 0.4 0.06875 0.078125
0 0.2828125 0.42421875 0.053125 0.08125
0 0.39765625 0.4921875 0.0625 0.0625
0 0.45859375 0.53046875 0.071875 0.0671875
0 0.503125 0.5 0.0515625 0.0390625
0 0.51015625 0.46171875 0.0484375 0.05625
0 0.23359375 0.25 0.0671875 0.0515625
0 0.2609375 0.2140625 0.053125 0.040625
0 0.27890625 0.16015625 0.0734375 0.0609375
0 0.34140625 0.31015625 0.0734375 0.0546875
0 0.27734375 0.55703125 0.0609375 0.0671875
0 0.2703125 0.63203125 0.0578125 0.08125
0 0.19921875 0.63125 0.059375 0.0796875
0 0.0359375 0.85703125 0.071875 0.1015625
0 0.33359375 0.50390625 0.059375 0.05
0 0.41328125 0.57421875 0.059375 0.059375
0 0.39140625 0.5375 0.0765625 0.05625
0 0.3265625 0.57109375 0.0546875 0.08125
0 0.52890625 0.4234375 0.0484375 0.0421875