0 0.234375 0.54375 0.109375 0.0890625
0 0.27421875 0.459375 0.103125 0.053125
0 0.15625 0.12578125 0.0703125 0.0859375
0 0.3546875 0.30703125 0.0765625 0.0796875
0 0.37109375 0.38125 0.0828125 0.0421875
0 0.428125 0.40859375 0.0609375 0.0671875
0 0.35390625 0.4796875 0.0796875 0.0703125
0 0.38828125 0.59140625 0.0703125 0.0609375
0 0.48828125 0.63515625 0.08125 0.0578125
0 0.55234375 0.54453125 0.053125 0.053125
0 0.49921875 0.5171875 0.046875 0.04375
0 0.4734375 0.47421875 0.05625 0.0421875
0 0.42734375 0.48671875 0.05625 0.05
0 0.5296875 0.39140625 0.0671875 0.0421875
0 0.5484375 0.46015625 0.0703125 0.06875
0 0.58984375 0.5453125 0.053125 0.05
0 0.60859375 0.58828125 0.0484375 0.040625
0 0.64921875 0.5421875 0.0390625 0.0671875
0 0.68203125 0.58671875 0.0703125 0.065625
0 0.815625 0.51015625 0.0953125 0.04375