0 0.4703125 0.20703125 0.090625 0.08125
0 0.31328125 0.43125 0.0640625 0.065625
0 0.37578125 0.46015625 0.0625 0.0546875
0 0.35078125 0.54765625 0.065625 0.05625
0 0.31953125 0.61171875 0.065625 0.05625
0 0.35625 0.63828125 0.040625 0.06875
0 0.37109375 0.60390625 0.0625 0.0640625
0 0.42265625 0.61875 0.06875 0.065625
0 0.403125 0.6640625 0.078125 0.053125
0 0.7015625 0.778125 0.071875 0.084375
0 0.6453125 0.725 0.08125 0.0625
0 0.57109375 0.71953125 0.0703125 0.06875
0 0.53046875 0.69453125 0.0546875 0.0625
0 0.52734375 0.65625 0.0578125 0.0578125
0 0.51640625 0.625 0.065625 0.0515625
0 0.5703125 0.62265625 0.0640625 0.0609375
0 0.53515625 0.5328125 0.0515625 0.059375
0 0.43671875 0.46484375 0.05 0.0796875
0 0.4359375 0.53125 0.0859375 0.053125
0 0.48984375 0.51484375 0.0375 0.0390625
0 0.5109375 0.55546875 0.05 0.0578125
0 0.09375 0.62109375 0.0703125 0.059375
0 0.07421875 0.68515625 0.065625 0.05
0 0.13984375 0.4671875 0.0671875 0.0625
0 0.36640625 0.73046875 0.0796875 0.0640625
0 0.18046875 0.60703125 0.075 0.0546875