0 0.76484375 0.4515625 0.109375 0.0859375
0 0.7265625 0.53671875 0.1015625 0.0515625
0 0.85 0.86796875 0.06875 0.084375
0 0.64921875 0.68984375 0.075 0.078125
0 0.63046875 0.61640625 0.08125 0.0421875
0 0.5734375 0.58984375 0.059375 0.0671875
0 0.64609375 0.51796875 0.078125 0.06875
0 0.609375 0.40625 0.0703125 0.059375
0 0.509375 0.3640625 0.08125 0.0578125
0 0.446875 0.45625 0.053125 0.053125
0 0.5 0.4828125 0.0453125 0.0421875
0 0.5265625 0.52578125 0.0546875 0.0421875
0 0.57265625 0.51171875 0.05625 0.05
0 0.47265625 0.60859375 0.065625 0.040625
0 0.45234375 0.540625 0.06875 0.0671875
0 0.409375 0.45625 0.053125 0.05
0 0.38984375 0.41328125 0.046875 0.0390625
0 0.35 0.46015625 0.0375 0.0671875
0 0.31640625 0.4171875 0.06875 0.0640625
0 0.184375 0.4953125 0.09375 0.0421875