0 0.425 0.215625 0.08203125 0.06796875
0 0.3046875 0.46171875 0.05625 0.0578125
0 0.37109375 0.4796875 0.05625 0.04609375
0 0.36015625 0.5703125 0.06015625 0.04765625
0 0.3390625 0.63828125 0.06015625 0.04609375
0 0.3796875 0.659375 0.03046875 0.0640625
0 0.3890625 0.62265625 0.0546875 0.05625
0 0.4421875 0.6296875 0.0609375 0.05546875
0 0.4296875 0.67734375 0.07109375 0.0421875
0 0.7421875 0.74296875 0.0609375 0.075
0 0.67890625 0.69921875 0.0734375 0.0515625
0 0.6046875 0.70546875 0.0625 0.059375
0 0.56015625 0.6875 0.04609375 0.05546875
0 0.5515625 0.65 0.05 0.05078125
0 0.5359375 0.62109375 0.06015625 0.0421875
0 0.58828125 0.61015625 0.05546875 0.05390625
0 0.53984375 0.5265625 0.04375 0.05390625
0 0.43203125 0.475 0.0390625 0.075
0 0.44140625 0.540625 0.08046875 0.040625
0 0.4921875 0.51640625 0.0328125 0.03359375
0 0.51953125 0.553125 0.0421875 0.0515625
0 0.11796875 0.6828125 0.06328125 0.04921875
0 0.10859375 0.74921875 0.05859375 0.040625
0 0.1390625 0.52421875 0.05859375 0.05234375
0 0.40390625 0.7484375 0.07109375 0.053125
0 0.20078125 0.65546875 0.06796875 0.04453125