0 0.4375 0.23828125 0.08125 0.1046875
0 0.525 0.271875 0.04765625 0.09921875
0 0.84921875 0.13125 0.08203125 0.0640625
0 0.68203125 0.34140625 0.07421875 0.07109375
0 0.609375 0.36328125 0.03828125 0.0796875
0 0.5859375 0.421875 0.0640625 0.05625
0 0.51015625 0.353125 0.065625 0.07578125
0 0.40078125 0.3953125 0.05625 0.0671875
0 0.3640625 0.49765625 0.05390625 0.07890625
0 0.459375 0.55546875 0.05 0.05078125
0 0.4828125 0.50078125 0.03984375 0.04375
0 0.52421875 0.471875 0.0390625 0.05390625
0 0.5078125 0.4265625 0.04609375 0.053125
0 0.61015625 0.521875 0.03671875 0.0640625
0 0.54296875 0.5453125 0.0640625 0.065625
0 0.4609375 0.59296875 0.04609375 0.05
0 0.41953125 0.61484375 0.03671875 0.0453125
0 0.46796875 0.6515625 0.065625 0.03515625
0 0.4265625 0.6875 0.0609375 0.06484375
0 0.51171875 0.815625 0.03828125 0.0921875