0 0.7734375 0.390625 0.078125 0.0890625
0 0.5140625 0.3015625 0.0640625 0.0625
0 0.5046875 0.36953125 0.053125 0.0609375
0 0.41328125 0.36953125 0.053125 0.0640625
0 0.34296875 0.35703125 0.053125 0.0640625
0 0.32734375 0.4 0.0671875 0.0390625
0 0.36484375 0.4046875 0.0625 0.0609375
0 0.3640625 0.45859375 0.0625 0.0671875
0 0.315625 0.4515625 0.05 0.0765625
0 0.28828125 0.7703125 0.08125 0.0703125
0 0.32421875 0.7015625 0.059375 0.0796875
0 0.30859375 0.62890625 0.0671875 0.06875
0 0.32109375 0.5828125 0.0609375 0.053125
0 0.35703125 0.56953125 0.05625 0.05625
0 0.384375 0.55078125 0.0484375 0.0640625
0 0.4015625 0.60078125 0.059375 0.0625
0 0.478125 0.54296875 0.0578125 0.05
0 0.51640625 0.4296875 0.0796875 0.0484375
0 0.45234375 0.446875 0.05 0.0859375
0 0.4828125 0.49453125 0.0375 0.0375
0 0.45 0.52578125 0.05625 0.0484375
0 0.271875 0.14296875 0.0578125 0.06875
0 0.2046875 0.1421875 0.046875 0.0640625
0 0.43203125 0.14453125 0.059375 0.065625
0 0.24140625 0.43515625 0.0609375 0.078125
0 0.309375 0.221875 0.0515625 0.0734375