0 0.428125 0.24609375 0.09375 0.0859375
0 0.58046875 0.32890625 0.053125 0.0671875
0 0.6375 0.3375 0.0625 0.0703125
0 0.61328125 0.39296875 0.071875 0.0625
0 0.60625 0.4703125 0.06875 0.084375
0 0.2953125 0.60625 0.0546875 0.05625
0 0.30703125 0.6515625 0.046875 0.06875
0 0.31640625 0.75234375 0.05 0.0734375
0 0.63359375 0.73203125 0.0484375 0.0703125
0 0.93984375 0.61796875 0.0734375 0.0859375
0 0.72421875 0.93203125 0.1 0.0765625
0 0.4953125 0.690625 0.0546875 0.059375
0 0.44453125 0.66171875 0.0609375 0.0796875
0 0.39140625 0.7078125 0.071875 0.096875
0 0.4734375 0.56640625 0.0765625 0.071875
0 0.4796875 0.51484375 0.0703125 0.0421875
0 0.4734375 0.4328125 0.0515625 0.0765625
0 0.51640625 0.46796875 0.0484375 0.0625
0 0.36875 0.4828125 0.0875 0.0890625
0 0.48046875 0.35390625 0.05 0.078125
0 0.5265625 0.34140625 0.0640625 0.0671875
0 0.54296875 0.38125 0.046875 0.059375
0 0.52578125 0.42265625 0.06875 0.0625
0 0.43828125 0.3578125 0.0578125 0.065625
0 0.4125 0.4453125 0.0453125 0.059375
0 0.64296875 0.61015625 0.08125 0.0625
0 0.51640625 0.91640625 0.071875 0.078125