0 0.48671875 0.23671875 0.0796875 0.0703125
0 0.6171875 0.3515625 0.040625 0.059375
0 0.6703125 0.37265625 0.05078125 0.0609375
0 0.634375 0.42109375 0.06328125 0.05
0 0.61015625 0.4953125 0.05390625 0.07578125
0 0.2765625 0.5578125 0.0453125 0.046875
0 0.278125 0.6046875 0.034375 0.06171875
0 0.2640625 0.7046875 0.0359375 0.0671875
0 0.578125 0.75625 0.03515625 0.0640625
0 0.90234375 0.7140625 0.0578125 0.07578125
0 0.62109375 0.97109375 0.0890625 0.0578125
0 0.45234375 0.684375 0.0453125 0.04921875
0 0.409375 0.6453125 0.0453125 0.07265625
0 0.34765625 0.678125 0.05390625 0.08671875
0 0.459375 0.55859375 0.06484375 0.059375
0 0.4765625 0.51015625 0.06484375 0.02734375
0 0.4890625 0.42890625 0.0359375 0.0703125
0 0.5234375 0.47265625 0.03671875 0.0546875
0 0.37578125 0.45390625 0.07109375 0.07578125
0 0.5140625 0.353125 0.034375 0.071875
0 0.56171875 0.3515625 0.05390625 0.05703125
0 0.56875 0.39375 0.0359375 0.05390625
0 0.5421875 0.43046875 0.059375 0.05078125
0 0.471875 0.34765625 0.046875 0.05625
0 0.42734375 0.42734375 0.03515625 0.05234375
0 0.61484375 0.63984375 0.07109375 0.046875
0 0.42265625 0.909375 0.0578125 0.0671875