0 0.39140625 0.446875 0.06796875 0.0703125
0 0.48984375 0.50234375 0.05390625 0.07109375
0 0.546875 0.53359375 0.06015625 0.06171875
0 0.67734375 0.70390625 0.06796875 0.05234375
0 0.72734375 0.73359375 0.05546875 0.053125
0 0.60234375 0.71171875 0.07734375 0.05703125
0 0.546875 0.659375 0.05625 0.05546875
0 0.6078125 0.6296875 0.0625 0.04375
0 0.59296875 0.5953125 0.04921875 0.04765625
0 0.53515625 0.60390625 0.06015625 0.04453125
0 0.48984375 0.64296875 0.04921875 0.065625
0 0.43046875 0.63359375 0.0453125 0.06484375
0 0.16875 0.64921875 0.0765625 0.04375
0 0.28046875 0.74375 0.04609375 0.0609375
0 0.3421875 0.56796875 0.0390625 0.046875
0 0.38046875 0.54609375 0.0390625 0.03359375
0 0.3859375 0.675 0.0484375 0.02734375
0 0.38359375 0.6046875 0.05078125 0.0625
0 0.48203125 0.56875 0.05625 0.04765625