0 0.45859375 0.61328125 0.0765625 0.075
0 0.503125 0.51015625 0.0765625 0.0609375
0 0.528125 0.45 0.06875 0.065625
0 0.684375 0.30234375 0.059375 0.0734375
0 0.70859375 0.24921875 0.059375 0.0609375
0 0.7 0.37578125 0.0640625 0.0828125
0 0.65390625 0.43671875 0.0625 0.0625
0 0.61796875 0.37890625 0.05 0.0671875
0 0.58515625 0.39765625 0.0515625 0.0546875
0 0.6 0.45390625 0.05 0.0640625
0 0.64296875 0.4953125 0.0703125 0.05625
0 0.63984375 0.55546875 0.0703125 0.0515625
0 0.6828125 0.8140625 0.0515625 0.08125
0 0.765625 0.69296875 0.065625 0.053125
0 0.584375 0.65 0.05 0.04375
0 0.55859375 0.6140625 0.0375 0.0421875
0 0.6859375 0.5953125 0.0328125 0.0515625
0 0.61640625 0.6046875 0.0671875 0.05625
0 0.5703125 0.5109375 0.053125 0.0609375