0 0.3953125 0.4390625 0.0734375 0.075
0 0.48984375 0.5015625 0.0578125 0.075
0 0.54453125 0.53671875 0.0640625 0.0671875
0 0.6625 0.715625 0.071875 0.0578125
0 0.71015625 0.74921875 0.059375 0.05625
0 0.5875 0.71796875 0.08125 0.0609375
0 0.5359375 0.6625 0.059375 0.059375
0 0.5984375 0.63671875 0.065625 0.0484375
0 0.5859375 0.6015625 0.053125 0.05
0 0.528125 0.60625 0.0625 0.0484375
0 0.4796875 0.6421875 0.0546875 0.06875
0 0.42109375 0.628125 0.05 0.06875
0 0.159375 0.62578125 0.0796875 0.0484375
0 0.2640625 0.728125 0.0515625 0.0640625
0 0.3375 0.55703125 0.0421875 0.05
0 0.37734375 0.5375 0.040625 0.0375
0 0.37421875 0.66640625 0.05 0.03125
0 0.3765625 0.59609375 0.0546875 0.065625
0 0.47734375 0.5671875 0.059375 0.05