0 0.240625 0.5453125 0.0796875 0.0875
0 0.33828125 0.4015625 0.0640625 0.046875
0 0.353125 0.34609375 0.0671875 0.0578125
0 0.40546875 0.3765625 0.0578125 0.06875
0 0.48203125 0.39140625 0.08125 0.0625
0 0.584375 0.71484375 0.0515625 0.05
0 0.63125 0.7078125 0.065625 0.0421875
0 0.73203125 0.709375 0.0703125 0.04375
0 0.74453125 0.39140625 0.0671875 0.0421875
0 0.66328125 0.07421875 0.08125 0.0671875
0 0.953125 0.32265625 0.06875 0.0953125
0 0.6890625 0.525 0.0546875 0.0515625
0 0.65546875 0.571875 0.0765625 0.053125
0 0.6953125 0.6296875 0.09375 0.0640625
0 0.56328125 0.5328125 0.0671875 0.071875
0 0.51328125 0.521875 0.0359375 0.06875
0 0.43046875 0.51953125 0.0734375 0.04375
0 0.4703125 0.4796875 0.059375 0.04375
0 0.46953125 0.62890625 0.0828125 0.08125
0 0.35234375 0.50390625 0.075 0.0421875
0 0.3453125 0.45703125 0.0625 0.059375
0 0.3859375 0.44453125 0.0578125 0.0421875
0 0.42578125 0.46640625 0.05625 0.065625
0 0.35234375 0.54609375 0.0609375 0.053125
0 0.43671875 0.58125 0.05625 0.040625
0 0.625 0.36875 0.0546875 0.0765625
0 0.915625 0.5265625 0.0734375 0.065625