0 0.70234375 0.6515625 0.0765625 0.059375
0 0.6796875 0.6078125 0.0609375 0.04375
0 0.63046875 0.62109375 0.0546875 0.0703125
0 0.59375 0.578125 0.078125 0.040625
0 0.57265625 0.61875 0.059375 0.08125
0 0.68984375 0.4453125 0.071875 0.0765625
0 0.69140625 0.51171875 0.065625 0.0578125
0 0.571875 0.3796875 0.06875 0.0578125
0 0.51015625 0.35703125 0.0453125 0.0484375
0 0.48125 0.31640625 0.0484375 0.0375
0 0.409375 0.27890625 0.0765625 0.053125
0 0.43359375 0.46640625 0.0625 0.075
0 0.478125 0.5359375 0.059375 0.078125
0 0.4890625 0.4671875 0.05 0.0609375
0 0.52890625 0.5203125 0.0515625 0.0484375
0 0.565625 0.49140625 0.0609375 0.046875
0 0.5390625 0.44921875 0.0578125 0.04375
0 0.52265625 0.4765625 0.0515625 0.05625
0 0.63125 0.50234375 0.0484375 0.0671875
0 0.64453125 0.45703125 0.0484375 0.06875
0 0.2875 0.63125 0.0609375 0.0625
0 0.31875 0.4859375 0.078125 0.0734375