0 0.53359375 0.45859375 0.078125 0.0546875
0 0.73046875 0.2765625 0.06875 0.05625
0 0.7640625 0.23515625 0.0609375 0.06875
0 0.69921875 0.40859375 0.06875 0.05625
0 0.68671875 0.32109375 0.0765625 0.06875
0 0.7234375 0.48515625 0.065625 0.05
0 0.6625 0.50703125 0.05625 0.0375
0 0.59140625 0.38671875 0.059375 0.0421875
0 0.65859375 0.44296875 0.053125 0.05625
0 0.5921875 0.421875 0.059375 0.03125
0 0.60859375 0.48515625 0.040625 0.0578125
0 0.6171875 0.54765625 0.040625 0.059375
0 0.66484375 0.5671875 0.046875 0.0640625
0 0.8375 0.609375 0.0515625 0.0625
0 0.7875 0.8015625 0.071875 0.05
0 0.65859375 0.6796875 0.06875 0.053125
0 0.55859375 0.66640625 0.046875 0.05625
0 0.56015625 0.6046875 0.0515625 0.05
0 0.6015625 0.61328125 0.0484375 0.08125
0 0.51015625 0.5140625 0.040625 0.04375
0 0.5625 0.5171875 0.05 0.053125