0 0.7140625 0.365625 0.0640625 0.0796875
0 0.665625 0.3703125 0.0484375 0.0625
0 0.66015625 0.421875 0.0734375 0.059375
0 0.60703125 0.440625 0.046875 0.0796875
0 0.63671875 0.47421875 0.084375 0.065625
0 0.51640625 0.303125 0.08125 0.0765625
0 0.5796875 0.325 0.0625 0.06875
0 0.41328125 0.3890625 0.0625 0.071875
0 0.3703125 0.43984375 0.0515625 0.0484375
0 0.321875 0.4515625 0.040625 0.05
0 0.2609375 0.50546875 0.059375 0.0796875
0 0.4453125 0.55 0.0796875 0.0671875
0 0.52578125 0.53359375 0.08125 0.065625
0 0.46484375 0.4984375 0.0640625 0.053125
0 0.5296875 0.48046875 0.0515625 0.0546875
0 0.515625 0.43515625 0.05 0.0640625
0 0.4671875 0.44609375 0.0484375 0.0609375
0 0.4859375 0.4703125 0.059375 0.0546875
0 0.54921875 0.378125 0.0703125 0.053125
0 0.51171875 0.34921875 0.071875 0.0546875
0 0.54609375 0.7453125 0.0671875 0.0640625
0 0.421875 0.6640625 0.078125 0.0828125