0 0.53515625 0.540625 0.0671875 0.0859375
0 0.6796875 0.765625 0.0671875 0.078125
0 0.71484375 0.80625 0.078125 0.071875
0 0.55546875 0.71171875 0.0671875 0.078125
0 0.64375 0.71484375 0.08125 0.0875
0 0.47578125 0.72265625 0.0609375 0.0734375
0 0.46484375 0.65859375 0.046875 0.0625
0 0.5953125 0.609375 0.0515625 0.065625
0 0.52890625 0.66640625 0.0640625 0.0625
0 0.5609375 0.6046875 0.040625 0.0640625
0 0.49609375 0.609375 0.0640625 0.05
0 0.4328125 0.60703125 0.065625 0.05
0 0.40546875 0.65078125 0.071875 0.0578125
0 0.33359375 0.81328125 0.0703125 0.0609375
0 0.153125 0.73046875 0.0625 0.0796875
0 0.2953125 0.625 0.0640625 0.0765625
0 0.32578125 0.52890625 0.0640625 0.05625
0 0.38671875 0.54140625 0.0578125 0.059375
0 0.37109375 0.58046875 0.0890625 0.0625
0 0.484375 0.5078125 0.05 0.046875
0 0.471875 0.55859375 0.0609375 0.0578125