0 0.678125 0.32109375 0.04921875 0.0703125
0 0.63203125 0.33671875 0.0359375 0.05703125
0 0.63828125 0.3875 0.0640625 0.046875
0 0.590625 0.41796875 0.03125 0.07578125
0 0.62734375 0.44453125 0.075 0.05078125
0 0.471875 0.3046875 0.06796875 0.06328125
0 0.53828125 0.31171875 0.04921875 0.059375
0 0.390625 0.41171875 0.05 0.06171875
0 0.36015625 0.4703125 0.04296875 0.0390625
0 0.315625 0.49296875 0.03125 0.04375
0 0.26875 0.559375 0.04375 0.07109375
0 0.4578125 0.5609375 0.06796875 0.05390625
0 0.5328125 0.5265625 0.07265625 0.04921875
0 0.465625 0.50625 0.05703125 0.0421875
0 0.52421875 0.47421875 0.0421875 0.04765625
0 0.50078125 0.43359375 0.0390625 0.05703125
0 0.45546875 0.4546875 0.03671875 0.053125
0 0.4796875 0.47421875 0.04921875 0.0453125
0 0.5203125 0.3703125 0.06171875 0.040625
0 0.47734375 0.35078125 0.0640625 0.040625
0 0.6 0.72890625 0.05625 0.05234375
0 0.4609375 0.67734375 0.0640625 0.0703125