0 0.54140625 0.53359375 0.0546875 0.07734375
0 0.7234375 0.73046875 0.05546875 0.06875
0 0.76484375 0.7640625 0.06953125 0.0609375
0 0.59140625 0.69921875 0.05703125 0.06875
0 0.67890625 0.68671875 0.06875 0.0765625
0 0.51484375 0.7234375 0.05078125 0.06484375
0 0.49296875 0.6625 0.03828125 0.05703125
0 0.61328125 0.59140625 0.0421875 0.059375
0 0.55703125 0.65859375 0.05625 0.05390625
0 0.578125 0.5921875 0.03125 0.059375
0 0.51484375 0.60859375 0.0578125 0.03984375
0 0.45234375 0.6171875 0.06015625 0.03984375
0 0.4328125 0.66484375 0.0640625 0.04609375
0 0.390625 0.8375 0.06328125 0.0515625
0 0.1984375 0.7875 0.05 0.07265625
0 0.3203125 0.65859375 0.05234375 0.06796875
0 0.33359375 0.55859375 0.05546875 0.046875
0 0.3953125 0.56015625 0.04921875 0.0515625
0 0.38671875 0.6015625 0.08125 0.0484375
0 0.4859375 0.51015625 0.04375 0.040625
0 0.4828125 0.5625 0.05390625 0.04921875