0 0.2546875 0.0765625 0.078125 0.0828125
0 0.34921875 0.23359375 0.071875 0.084375
0 0.365625 0.30703125 0.059375 0.0765625
0 0.43359375 0.42578125 0.0640625 0.06875
0 0.4875 0.3921875 0.065625 0.078125
0 0.38359375 0.51328125 0.0671875 0.084375
0 0.434375 0.6265625 0.0609375 0.0890625
0 0.5328125 0.76640625 0.0890625 0.0640625
0 0.6015625 0.81484375 0.071875 0.096875
0 0.61171875 0.728125 0.084375 0.08125
0 0.703125 0.68671875 0.0875 0.0875
0 0.74921875 0.75390625 0.0578125 0.0734375
0 0.903125 0.7796875 0.0640625 0.0734375
0 0.94296875 0.52734375 0.1140625 0.1703125
0 0.82109375 0.60546875 0.0703125 0.096875
0 0.728125 0.34140625 0.0921875 0.0921875
0 0.61796875 0.496875 0.0640625 0.059375
0 0.596875 0.446875 0.071875 0.096875
0 0.5328125 0.44765625 0.0875 0.08125
0 0.44765625 0.49140625 0.0515625 0.040625
0 0.4453125 0.45625 0.0703125 0.05625
0 0.4953125 0.48125 0.0671875 0.0609375
0 0.45859375 0.56171875 0.1265625 0.0953125
0 0.48828125 0.6140625 0.084375 0.0671875
0 0.5 0.671875 0.0671875 0.06875
0 0.49765625 0.72421875 0.0515625 0.0453125
0 0.56484375 0.67890625 0.059375 0.078125