0 0.11875 0.19296875 0.0765625 0.0828125
0 0.26328125 0.30546875 0.071875 0.084375
0 0.30546875 0.36796875 0.0578125 0.0765625
0 0.4109375 0.4546875 0.0625 0.0671875
0 0.45 0.40390625 0.0640625 0.0765625
0 0.39609375 0.55390625 0.065625 0.0828125
0 0.48359375 0.64140625 0.0609375 0.0875
0 0.62578125 0.7375 0.0890625 0.0640625
0 0.7078125 0.7578125 0.0703125 0.0953125
0 0.6859375 0.67265625 0.0828125 0.0796875
0 0.75703125 0.6015625 0.0875 0.0875
0 0.8234375 0.64765625 0.0578125 0.0734375
0 0.971875 0.615625 0.05625 0.071875
0 0.93046875 0.3640625 0.128125 0.16875
0 0.8375 0.48359375 0.06875 0.0953125
0 0.65625 0.2703125 0.090625 0.090625
0 0.60859375 0.4546875 0.0640625 0.059375
0 0.571875 0.415625 0.0703125 0.0953125
0 0.51171875 0.4390625 0.0859375 0.08125
0 0.44765625 0.5109375 0.0515625 0.040625
0 0.43359375 0.478125 0.06875 0.05625
0 0.4890625 0.484375 0.0671875 0.059375
0 0.48359375 0.57265625 0.125 0.09375
0 0.5296875 0.6109375 0.0828125 0.065625
0 0.56171875 0.66015625 0.065625 0.06875
0 0.578125 0.71015625 0.0515625 0.0453125
0 0.62421875 0.64375 0.0578125 0.078125