0 0.86875 0.178125 0.071875 0.065625
0 0.7328125 0.30078125 0.07578125 0.059375
0 0.6640625 0.33125 0.06796875 0.04765625
0 0.56015625 0.4203125 0.06015625 0.05234375
0 0.603125 0.4671875 0.06796875 0.053125
0 0.46484375 0.38828125 0.07421875 0.05234375
0 0.36328125 0.459375 0.08203125 0.04609375
0 0.24453125 0.5828125 0.04921875 0.08203125
0 0.21015625 0.66015625 0.08828125 0.05703125
0 0.29765625 0.653125 0.06875 0.071875
0 0.35546875 0.73515625 0.075 0.075
0 0.2984375 0.79296875 0.06484375 0.04609375
0 0.30234375 0.94921875 0.0640625 0.05234375
0 0.559375 0.94765625 0.15234375 0.10390625
0 0.4578125 0.83515625 0.08828125 0.0546875
0 0.69921875 0.69375 0.07890625 0.07890625
0 0.52578125 0.61484375 0.04921875 0.05703125
0 0.5703125 0.58515625 0.08671875 0.05625
0 0.5578125 0.521875 0.06875 0.07421875
0 0.4984375 0.446875 0.0328125 0.04609375
0 0.5328125 0.43828125 0.0453125 0.06328125
0 0.5171875 0.4921875 0.05078125 0.059375
0 0.43125 0.47109375 0.07421875 0.1140625
0 0.3859375 0.51015625 0.05234375 0.07578125
0 0.33125 0.5328125 0.059375 0.05703125
0 0.2796875 0.540625 0.03671875 0.0453125
0 0.33671875 0.59765625 0.0703125 0.04609375