0 0.203125 0.23359375 0.05625 0.059375
0 0.4203125 0.134375 0.04453125 0.06640625
0 0.74921875 0.1203125 0.053125 0.09140625
0 0.9609375 0.21875 0.0390625 0.06640625
0 0.50546875 0.3078125 0.03828125 0.0625
0 0.44609375 0.33828125 0.02890625 0.05625
0 0.46796875 0.3828125 0.04765625 0.05078125
0 0.0640625 0.484375 0.0421875 0.05390625
0 0.1328125 0.484375 0.0328125 0.06796875
0 0.1515625 0.57109375 0.0609375 0.03671875
0 0.2203125 0.52734375 0.03203125 0.0578125
0 0.259375 0.48359375 0.03203125 0.06171875
0 0.2921875 0.453125 0.046875 0.05078125
0 0.275 0.36484375 0.0359375 0.0453125
0 0.32578125 0.8359375 0.034375 0.06796875
0 0.4453125 0.84609375 0.0359375 0.06171875
0 0.93203125 0.60546875 0.02734375 0.06796875
0 0.59140625 0.61171875 0.0296875 0.04765625
0 0.565625 0.60859375 0.03203125 0.04765625
0 0.40078125 0.3078125 0.028125 0.05546875
0 0.90546875 0.43515625 0.04140625 0.0515625
0 0.36796875 0.37109375 0.04375 0.02421875
0 0.38671875 0.3859375 0.0453125 0.03359375
0 0.34921875 0.42578125 0.034375 0.05390625
0 0.42578125 0.4296875 0.028125 0.06015625
0 0.22890625 0.40078125 0.04765625 0.06875
0 0.35234375 0.56484375 0.03828125 0.07109375
0 0.3546875 0.31796875 0.025 0.06484375
0 0.5359375 0.33203125 0.03828125 0.03515625
0 0.3203125 0.41484375 0.0375 0.03671875
0 0.3234375 0.31328125 0.03515625 0.0484375
0 0.3265625 0.3546875 0.02265625 0.053125