0 0.28359375 0.83515625 0.0671875 0.065625
0 0.1515625 0.6359375 0.071875 0.0546875
0 0.0859375 0.31328125 0.0984375 0.0671875
0 0.15 0.0890625 0.0703125 0.0484375
0 0.309375 0.525 0.0671875 0.046875
0 0.3484375 0.57890625 0.059375 0.0359375
0 0.3890625 0.55 0.05625 0.0546875
0 0.553125 0.9328125 0.059375 0.05
0 0.5421875 0.86484375 0.0734375 0.04375
0 0.625 0.8328125 0.046875 0.065625
0 0.57109375 0.771875 0.0625 0.040625
0 0.52109375 0.73984375 0.0671875 0.040625
0 0.4859375 0.7125 0.05625 0.0546875
0 0.4015625 0.74375 0.05 0.0421875
0 0.859375 0.61953125 0.0734375 0.0453125
0 0.85 0.5 0.0671875 0.0453125
0 0.53671875 0.05703125 0.071875 0.0390625
0 0.59609375 0.3921875 0.0515625 0.0359375
0 0.596875 0.41796875 0.0515625 0.0375
0 0.32578125 0.628125 0.059375 0.0359375
0 0.37265625 0.109375 0.0578125 0.0484375
0 0.39296875 0.65078125 0.03125 0.046875
0 0.4046875 0.6296875 0.040625 0.05
0 0.45 0.66015625 0.0578125 0.0421875
0 0.4421875 0.584375 0.0625 0.0375
0 0.44453125 0.78359375 0.075 0.0578125
0 0.5875 0.6359375 0.0765625 0.0484375
0 0.34296875 0.671875 0.06875 0.034375
0 0.328125 0.490625 0.0390625 0.0421875
0 0.44375 0.690625 0.0421875 0.0421875
0 0.34296875 0.70390625 0.053125 0.0421875
0 0.38359375 0.69375 0.05625 0.0296875