0 0.165625 0.71796875 0.071875 0.0703125
0 0.1265625 0.48203125 0.075 0.0609375
0 0.19765625 0.1609375 0.1015625 0.075
0 0.34765625 0.01328125 0.0734375 0.0265625
0 0.315625 0.4453125 0.0703125 0.053125
0 0.3296875 0.51015625 0.0609375 0.0421875
0 0.378125 0.50078125 0.0609375 0.0578125
0 0.371875 0.9171875 0.0625 0.0546875
0 0.38984375 0.85078125 0.075 0.05
0 0.478125 0.8546875 0.0515625 0.06875
0 0.45390625 0.77734375 0.0640625 0.0453125
0 0.421875 0.728125 0.06875 0.046875
0 0.40078125 0.68828125 0.0609375 0.0578125
0 0.3109375 0.68203125 0.053125 0.046875
0 0.7796875 0.75546875 0.075 0.0515625
0 0.8203125 0.6421875 0.0703125 0.0515625
0 0.7140625 0.11015625 0.0734375 0.0453125
0 0.63125 0.440625 0.053125 0.040625
0 0.621875 0.46484375 0.053125 0.0421875
0 0.2890625 0.54609375 0.0609375 0.0421875
0 0.5421875 0.09140625 0.0609375 0.053125
0 0.34140625 0.59453125 0.0359375 0.0484375
0 0.36015625 0.5796875 0.0453125 0.053125
0 0.3890625 0.6265625 0.0609375 0.046875
0 0.4125 0.553125 0.0640625 0.0421875
0 0.334375 0.7359375 0.078125 0.0625
0 0.52421875 0.659375 0.0796875 0.0546875
0 0.28671875 0.59296875 0.0703125 0.040625
0 0.346875 0.421875 0.0421875 0.0453125
0 0.37109375 0.6515625 0.0453125 0.0453125
0 0.27421875 0.621875 0.05625 0.0453125
0 0.31484375 0.6296875 0.05625 0.034375