0 0.5546875 0.1671875 0.1609375 0.125
0 0.7890625 0.70234375 0.0890625 0.09375
0 0.7078125 0.640625 0.0703125 0.0734375
0 0.69453125 0.5921875 0.0515625 0.075
0 0.63046875 0.5796875 0.0796875 0.0828125
0 0.6265625 0.4984375 0.0625 0.0625
0 0.5703125 0.4859375 0.0703125 0.053125
0 0.53046875 0.51328125 0.065625 0.0578125
0 0.553125 0.5578125 0.075 0.06875
0 0.55625 0.64140625 0.0765625 0.0828125
0 0.3203125 0.68515625 0.0734375 0.0890625
0 0.08671875 0.7578125 0.1046875 0.0953125
0 0.3578125 0.528125 0.0578125 0.0703125
0 0.328125 0.48359375 0.0890625 0.0640625
0 0.26875 0.5328125 0.0953125 0.059375
0 0.47734375 0.54296875 0.08125 0.084375
0 0.48671875 0.465625 0.059375 0.0609375
0 0.43828125 0.47421875 0.0625 0.078125
0 0.396875 0.459375 0.0703125 0.0796875
0 0.45234375 0.4109375 0.0734375 0.053125
0 0.49921875 0.37265625 0.0640625 0.05625
0 0.475 0.3234375 0.0515625 0.0328125
0 0.434375 0.3140625 0.071875 0.0578125
0 0.36328125 0.32421875 0.0640625 0.1015625
0 0.4171875 0.36953125 0.0703125 0.0609375
0 0.553125 0.4 0.06875 0.06875
0 0.54765625 0.45703125 0.0609375 0.04375