0 0.57265625 0.35546875 0.0640625 0.10859375
0 0.27578125 0.4828125 0.0578125 0.053125
0 0.221875 0.553125 0.05078125 0.05625
0 0.38515625 0.8703125 0.0671875 0.05703125
0 0.3921875 0.9515625 0.06484375 0.0828125
0 0.4515625 0.7375 0.06015625 0.0515625
0 0.18515625 0.821875 0.06015625 0.07265625
0 0.78203125 0.78046875 0.1046875 0.06796875
0 0.975 0.925 0.05 0.0890625
0 0.68359375 0.6984375 0.05703125 0.046875
0 0.621875 0.64921875 0.03671875 0.05625
0 0.5859375 0.74921875 0.0796875 0.04375
0 0.64609375 0.6890625 0.03125 0.0484375
0 0.59765625 0.7015625 0.04765625 0.05234375
0 0.58828125 0.6734375 0.05078125 0.04296875
0 0.55703125 0.64921875 0.03828125 0.0375
0 0.56015625 0.6296875 0.07265625 0.0359375
0 0.54921875 0.59140625 0.06328125 0.04765625
0 0.54609375 0.5359375 0.05859375 0.075
0 0.38203125 0.47421875 0.0703125 0.04609375
0 0.34609375 0.515625 0.06953125 0.03515625
0 0.3734375 0.55390625 0.08046875 0.02890625
0 0.3828125 0.59453125 0.07421875 0.0578125
0 0.45703125 0.615625 0.0484375 0.05625
0 0.52109375 0.675 0.075 0.0359375
0 0.50703125 0.7140625 0.0765625 0.04296875
0 0.48359375 0.51875 0.04765625 0.05234375
0 0.4203125 0.5234375 0.06328125 0.0421875
0 0.49765625 0.559375 0.0625 0.04609375