0 0.5875 0.3640625 0.075 0.115625
0 0.27890625 0.459375 0.0625 0.059375
0 0.21796875 0.5234375 0.05625 0.0609375
0 0.346875 0.85625 0.0734375 0.0625
0 0.3453125 0.9375 0.0734375 0.0890625
0 0.42734375 0.73125 0.0640625 0.0578125
0 0.153125 0.7875 0.0671875 0.078125
0 0.75078125 0.80859375 0.1109375 0.0796875
0 0.928125 0.9625 0.059375 0.075
0 0.66171875 0.71640625 0.0609375 0.053125
0 0.60546875 0.6609375 0.04375 0.059375
0 0.559375 0.75703125 0.084375 0.0515625
0 0.62578125 0.703125 0.0359375 0.0515625
0 0.57578125 0.7109375 0.0515625 0.0578125
0 0.56953125 0.68203125 0.0546875 0.0484375
0 0.54140625 0.6546875 0.040625 0.040625
0 0.54609375 0.63515625 0.075 0.04375
0 0.5390625 0.59609375 0.0671875 0.053125
0 0.5421875 0.540625 0.0671875 0.08125
0 0.38515625 0.46171875 0.075 0.0546875
0 0.3453125 0.49921875 0.071875 0.040625
0 0.36875 0.540625 0.084375 0.0359375
0 0.3734375 0.58203125 0.08125 0.065625
0 0.4453125 0.61015625 0.0546875 0.0609375
0 0.50234375 0.6765625 0.078125 0.04375
0 0.484375 0.71328125 0.08125 0.0515625
0 0.48203125 0.5171875 0.0515625 0.0578125
0 0.41796875 0.51484375 0.0671875 0.0484375
0 0.49140625 0.55859375 0.0671875 0.053125