0 0.68515625 0.21796875 0.1625 0.1296875
0 0.68203125 0.80234375 0.090625 0.0953125
0 0.6328125 0.71328125 0.071875 0.075
0 0.640625 0.66328125 0.053125 0.075
0 0.58671875 0.62578125 0.08125 0.084375
0 0.615625 0.55 0.0640625 0.0640625
0 0.5703125 0.51640625 0.071875 0.05625
0 0.52265625 0.52421875 0.0671875 0.059375
0 0.525 0.575 0.0765625 0.0703125
0 0.49375 0.6515625 0.078125 0.084375
0 0.26015625 0.59609375 0.075 0.090625
0 0.03515625 0.56640625 0.0703125 0.0984375
0 0.35859375 0.46796875 0.059375 0.071875
0 0.35 0.41484375 0.090625 0.0671875
0 0.275 0.4359375 0.096875 0.0625
0 0.46171875 0.5296875 0.0828125 0.0859375
0 0.50234375 0.46328125 0.0609375 0.0625
0 0.45390625 0.4515625 0.0640625 0.0796875
0 0.421875 0.42109375 0.071875 0.08125
0 0.49296875 0.39921875 0.075 0.0546875
0 0.55078125 0.38359375 0.065625 0.0578125
0 0.54921875 0.32890625 0.0515625 0.034375
0 0.515625 0.303125 0.0734375 0.059375
0 0.44609375 0.28359375 0.0671875 0.1015625
0 0.47734375 0.34765625 0.071875 0.0625
0 0.5890625 0.4296875 0.0703125 0.0703125
0 0.5609375 0.48046875 0.0609375 0.0453125