0 0.18359375 0.3828125 0.10078125 0.14375
0 0.75390625 0.2546875 0.08203125 0.07578125
0 0.678125 0.32265625 0.06171875 0.06015625
0 0.62734375 0.3265625 0.06796875 0.0390625
0 0.603125 0.3875 0.07109375 0.0671875
0 0.52265625 0.37578125 0.05390625 0.05234375
0 0.5 0.428125 0.0421875 0.0640625
0 0.51875 0.47265625 0.04609375 0.0578125
0 0.5671875 0.45859375 0.0578125 0.06484375
0 0.64921875 0.471875 0.07265625 0.0640625
0 0.64765625 0.71171875 0.0796875 0.06015625
0 0.67421875 0.9546875 0.0796875 0.090625
0 0.50078125 0.6453125 0.06328125 0.04765625
0 0.45078125 0.665625 0.05 0.08125
0 0.48828125 0.73359375 0.04375 0.0890625
0 0.5375 0.53046875 0.07109375 0.06875
0 0.4640625 0.50625 0.05390625 0.04921875
0 0.46328125 0.55546875 0.0703125 0.04921875
0 0.440625 0.59375 0.0703125 0.0578125
0 0.403125 0.5296875 0.040625 0.0671875
0 0.375 0.4765625 0.04765625 0.05703125
0 0.321875 0.490625 0.02578125 0.046875
0 0.3046875 0.52890625 0.04609375 0.0640625
0 0.3015625 0.60078125 0.09296875 0.04609375
0 0.35625 0.55625 0.05078125 0.06171875
0 0.41171875 0.42890625 0.06015625 0.0578125
0 0.4671875 0.4453125 0.03515625 0.0546875