0 0.19765625 0.2484375 0.0625 0.0984375
0 0.2265625 0.30703125 0.0703125 0.090625
0 0.23828125 0.4046875 0.0828125 0.0703125
0 0.2890625 0.490625 0.0578125 0.0859375
0 0.7046875 0.8265625 0.0796875 0.08125
0 0.61484375 0.72890625 0.0734375 0.065625
0 0.57578125 0.775 0.059375 0.06875
0 0.5484375 0.72109375 0.0671875 0.0625
0 0.565625 0.67890625 0.0578125 0.0703125
0 0.5859375 0.6234375 0.0703125 0.0765625
0 0.5828125 0.55390625 0.071875 0.09375
0 0.52890625 0.54765625 0.059375 0.0796875
0 0.36171875 0.4609375 0.0734375 0.059375
0 0.42265625 0.60859375 0.0625 0.0671875
0 0.48046875 0.63046875 0.06875 0.0734375
0 0.5046875 0.6796875 0.0703125 0.0765625
0 0.4390625 0.55078125 0.065625 0.06875
0 0.3453125 0.6078125 0.0796875 0.0609375
0 0.3703125 0.5546875 0.0859375 0.0609375
0 0.38984375 0.6953125 0.0796875 0.05
0 0.37890625 0.73671875 0.0890625 0.0609375
0 0.43046875 0.85859375 0.06875 0.071875
0 0.42734375 0.47890625 0.0609375 0.0609375