0 0.30625 0.32734375 0.103125 0.0640625
0 0.34296875 0.27734375 0.0875 0.0484375
0 0.5015625 0.2796875 0.0796875 0.0703125
0 0.5359375 0.16328125 0.1078125 0.0796875
0 0.71796875 0.4109375 0.0546875 0.0796875
0 0.57890625 0.4109375 0.0875 0.0640625
0 0.6265625 0.48984375 0.11875 0.0671875
0 0.5328125 0.45546875 0.0609375 0.06875
0 0.47421875 0.47421875 0.0578125 0.05
0 0.43984375 0.4953125 0.0671875 0.0578125
0 0.3859375 0.50234375 0.0515625 0.05
0 0.4796875 0.69453125 0.0375 0.0359375
0 0.48359375 0.6296875 0.0484375 0.0546875
0 0.521875 0.6546875 0.065625 0.0484375
0 0.48828125 0.55625 0.0734375 0.0578125
0 0.55546875 0.534375 0.0640625 0.04375
0 0.57421875 0.5765625 0.0765625 0.0453125
0 0.64765625 0.56953125 0.0796875 0.05625
0 0.76328125 0.7109375 0.0828125 0.071875
0 0.3953125 0.3875 0.0796875 0.078125
0 0.33671875 0.39375 0.0609375 0.075
0 0.9265625 0.9703125 0.0453125 0.059375