0 0.64765625 0.28671875 0.05234375 0.09609375
0 0.7015625 0.3171875 0.0390625 0.0828125
0 0.71875 0.475 0.06171875 0.071875
0 0.83828125 0.49453125 0.06875 0.09921875
0 0.61484375 0.70546875 0.075 0.0453125
0 0.59765625 0.5671875 0.0546875 0.08125
0 0.52578125 0.62421875 0.05390625 0.11328125
0 0.5484375 0.52734375 0.06328125 0.05234375
0 0.52265625 0.47109375 0.04296875 0.05234375
0 0.49765625 0.43984375 0.05078125 0.0609375
0 0.48359375 0.38671875 0.0453125 0.04609375
0 0.3046875 0.50390625 0.03125 0.034375
0 0.36953125 0.49921875 0.05078125 0.0421875
0 0.34921875 0.540625 0.040625 0.0609375
0 0.44296875 0.4953125 0.05 0.0671875
0 0.47265625 0.559375 0.03671875 0.06015625
0 0.4328125 0.5828125 0.03671875 0.071875
0 0.44921875 0.6546875 0.04609375 0.075
0 0.32265625 0.78671875 0.06328125 0.075
0 0.59921875 0.38203125 0.0703125 0.071875
0 0.5859375 0.325 0.06796875 0.05390625
0 0.08515625 0.98046875 0.0546875 0.0390625