0 0.32890625 0.8546875 0.090625 0.0453125
0 0.37890625 0.8125 0.0828125 0.0546875
0 0.47109375 0.77734375 0.0578125 0.0734375
0 0.5421875 0.70703125 0.078125 0.0421875
0 0.7671875 0.22265625 0.0703125 0.0671875
0 0.69375 0.33359375 0.0546875 0.0640625
0 0.7484375 0.359375 0.0609375 0.0484375
0 0.703125 0.39921875 0.053125 0.0578125
0 0.6578125 0.39296875 0.0640625 0.046875
0 0.5984375 0.38671875 0.0671875 0.059375
0 0.53203125 0.40625 0.084375 0.05625
0 0.5390625 0.46015625 0.071875 0.0453125
0 0.4953125 0.64375 0.0484375 0.065625
0 0.62421875 0.5484375 0.059375 0.053125
0 0.63125 0.4875 0.0640625 0.0578125
0 0.6734375 0.4515625 0.0671875 0.0578125
0 0.5640625 0.546875 0.059375 0.05625
0 0.6421875 0.62421875 0.0484375 0.071875
0 0.58515625 0.6125 0.0453125 0.078125
0 0.715625 0.559375 0.0359375 0.0734375
0 0.75859375 0.56015625 0.0453125 0.08125
0 0.86484375 0.48125 0.0625 0.0578125
0 0.49765625 0.57578125 0.0515625 0.053125