0 0.6921875 0.32578125 0.0734375 0.10625
0 0.7375 0.3671875 0.05625 0.0890625
0 0.71875 0.525 0.0765625 0.084375
0 0.83046875 0.57109375 0.0890625 0.1125
0 0.565625 0.72578125 0.0828125 0.0609375
0 0.5796875 0.5875 0.071875 0.0921875
0 0.496875 0.6265625 0.0765625 0.121875
0 0.54140625 0.5375 0.0734375 0.065625
0 0.52890625 0.4765625 0.0546875 0.0609375
0 0.5109375 0.440625 0.0625 0.0703125
0 0.509375 0.3859375 0.0546875 0.05625
0 0.30859375 0.46015625 0.0375 0.040625
0 0.3734375 0.46953125 0.0578125 0.053125
0 0.34375 0.50546875 0.053125 0.06875
0 0.4453125 0.4828125 0.0640625 0.0765625
0 0.46015625 0.5515625 0.05 0.065625
0 0.415625 0.565625 0.053125 0.078125
0 0.415625 0.6390625 0.0625 0.084375
0 0.2625 0.73984375 0.078125 0.0875
0 0.6234375 0.40703125 0.084375 0.0859375
0 0.6234375 0.3484375 0.0796875 0.0671875
0 0.015625 0.875 0.03125 0.05