0 0.1484375 0.32265625 0.04375 0.09140625
0 0.18984375 0.3734375 0.05234375 0.08125
0 0.2234375 0.46640625 0.07265625 0.05546875
0 0.2921875 0.53828125 0.03984375 0.078125
0 0.77265625 0.771875 0.06484375 0.06796875
0 0.66328125 0.696875 0.06171875 0.053125
0 0.6359375 0.75078125 0.04765625 0.059375
0 0.596875 0.7046875 0.05625 0.0515625
0 0.60390625 0.659375 0.0453125 0.0625
0 0.61171875 0.60078125 0.0578125 0.06640625
0 0.59296875 0.53359375 0.0546875 0.0828125
0 0.5390625 0.53984375 0.04453125 0.07265625
0 0.35625 0.49296875 0.0640625 0.04765625
0 0.44921875 0.6234375 0.0515625 0.0578125
0 0.51015625 0.63125 0.05625 0.0625
0 0.5453125 0.67421875 0.05546875 0.06484375
0 0.45234375 0.56328125 0.0546875 0.0578125
0 0.3734375 0.63984375 0.0703125 0.04765625
0 0.3859375 0.5828125 0.07734375 0.04375
0 0.43671875 0.71484375 0.0734375 0.03515625
0 0.43515625 0.7578125 0.08125 0.04296875
0 0.5125 0.86484375 0.05546875 0.0609375
0 0.42421875 0.49609375 0.0515625 0.05078125