0 0.52265625 0.42890625 0.0953125 0.0671875
0 0.4046875 0.24765625 0.0828125 0.0578125
0 0.40625 0.3109375 0.0859375 0.0578125
0 0.36328125 0.36015625 0.0546875 0.046875
0 0.3875 0.40703125 0.065625 0.0609375
0 0.43125 0.4625 0.0578125 0.0578125
0 0.45234375 0.403125 0.0515625 0.08125
0 0.32109375 0.45546875 0.05625 0.0796875
0 0.3671875 0.453125 0.05625 0.06875
0 0.37265625 0.490625 0.0640625 0.0640625
0 0.384375 0.54921875 0.059375 0.0625
0 0.32578125 0.64453125 0.0703125 0.0734375
0 0.35 0.7046875 0.0703125 0.0765625
0 0.31640625 0.7953125 0.08125 0.0765625
0 0.42734375 0.64609375 0.0578125 0.0703125
0 0.475 0.55078125 0.065625 0.0609375
0 0.434375 0.59140625 0.0515625 0.05
0 0.4171875 0.5125 0.0484375 0.0578125
0 0.3421875 0.54609375 0.0546875 0.0578125
0 0.30703125 0.5171875 0.0703125 0.0765625
0 0.21796875 0.36875 0.065625 0.08125
0 0.14609375 0.31328125 0.0703125 0.071875
0 0.259375 0.246875 0.0734375 0.0640625
0 0.378125 0.19609375 0.0859375 0.0609375
0 0.47109375 0.49375 0.05 0.06875
0 0.2359375 0.4671875 0.0703125 0.075