0 0.55390625 0.44921875 0.0953125 0.06875
0 0.5390625 0.2328125 0.0828125 0.059375
0 0.509375 0.2890625 0.0859375 0.059375
0 0.4484375 0.31171875 0.0546875 0.046875
0 0.446875 0.3640625 0.0671875 0.0609375
0 0.4578125 0.43359375 0.059375 0.0578125
0 0.50546875 0.3921875 0.053125 0.08125
0 0.365625 0.37421875 0.0578125 0.0796875
0 0.40625 0.39453125 0.0578125 0.06875
0 0.39296875 0.43046875 0.065625 0.065625
0 0.375 0.48671875 0.0609375 0.0640625
0 0.27734375 0.5421875 0.071875 0.0734375
0 0.26953125 0.60625 0.071875 0.078125
0 0.196875 0.66953125 0.0828125 0.078125
0 0.36484375 0.5921875 0.0578125 0.0703125
0 0.453125 0.53203125 0.0671875 0.0609375
0 0.3984375 0.54765625 0.053125 0.05
0 0.42109375 0.47109375 0.0484375 0.0578125
0 0.33984375 0.46328125 0.0546875 0.0578125
0 0.32265625 0.421875 0.071875 0.078125
0 0.31640625 0.2484375 0.0671875 0.0828125
0 0.28125 0.16484375 0.071875 0.071875
0 0.4125 0.16171875 0.0734375 0.0640625
0 0.540625 0.175 0.0875 0.0625
0 0.478125 0.48046875 0.0515625 0.0703125
0 0.28515625 0.34296875 0.0703125 0.075