0 0.85859375 0.0171875 0.0703125 0.034375
0 0.2640625 0.43359375 0.05625 0.11328125
0 0.25859375 0.5640625 0.053125 0.06015625
0 0.3015625 0.5046875 0.0609375 0.071875
0 0.346875 0.45078125 0.06796875 0.078125
0 0.353125 0.5203125 0.0609375 0.07734375
0 0.403125 0.5578125 0.03671875 0.07109375
0 0.38984375 0.653125 0.06015625 0.084375
0 0.4578125 0.67109375 0.0328125 0.071875
0 0.49921875 0.84375 0.07265625 0.07109375
0 0.528125 0.5921875 0.03984375 0.0859375
0 0.46484375 0.55390625 0.05703125 0.065625
0 0.41015625 0.48203125 0.059375 0.05625
0 0.49921875 0.43515625 0.0359375 0.06015625
0 0.52109375 0.47421875 0.03203125 0.06171875
0 0.49375 0.4921875 0.06484375 0.053125
0 0.60625 0.50703125 0.06328125 0.0859375
0 0.61953125 0.5828125 0.06328125 0.0828125
0 0.7046875 0.43984375 0.06484375 0.078125
0 0.64765625 0.4046875 0.0609375 0.04609375
0 0.71015625 0.3 0.0671875 0.0796875
0 0.6 0.371875 0.06171875 0.07265625
0 0.55234375 0.334375 0.0421875 0.0546875
0 0.49921875 0.30234375 0.040625 0.06015625
0 0.434375 0.4265625 0.07265625 0.053125
0 0.478125 0.4078125 0.0390625 0.0359375
0 0.57265625 0.43125 0.07734375 0.06328125
0 0.87734375 0.71328125 0.09296875 0.1359375
0 0.465625 0.36015625 0.0640625 0.0546875