0 0.43671875 0.4609375 0.0484375 0.0859375
0 0.23203125 0.53125 0.04140625 0.07421875
0 0.29375 0.5453125 0.04140625 0.07734375
0 0.33125 0.5984375 0.0359375 0.04609375
0 0.3828125 0.58671875 0.0484375 0.05546875
0 0.446875 0.5578125 0.04765625 0.0484375
0 0.39453125 0.52265625 0.07578125 0.03515625
0 0.41328125 0.6625 0.07265625 0.040625
0 0.42265625 0.61796875 0.05859375 0.04453125
0 0.46015625 0.62109375 0.05234375 0.05234375
0 0.51953125 0.62421875 0.05234375 0.0484375
0 0.5984375 0.70390625 0.0609375 0.0578125
0 0.6625 0.6953125 0.06640625 0.05546875
0 0.7421875 0.74921875 0.06171875 0.06953125
0 0.62421875 0.60625 0.0609375 0.04453125
0 0.54296875 0.53671875 0.0484375 0.05625
0 0.57265625 0.5859375 0.04140625 0.04296875
0 0.4921875 0.58359375 0.04921875 0.0375
0 0.50625 0.6640625 0.0484375 0.04375
0 0.4703125 0.69140625 0.06640625 0.05703125
0 0.3046875 0.7421875 0.07265625 0.05078125
0 0.2328125 0.7984375 0.06015625 0.0578125
0 0.19609375 0.671875 0.05078125 0.06171875
0 0.17578125 0.54453125 0.04296875 0.07734375
0 0.48671875 0.5265625 0.0625 0.0359375
0 0.40390625 0.7484375 0.06328125 0.05546875