0 0.9765625 0.8671875 0.0359375 0.0703125
0 0.5703125 0.265625 0.1140625 0.0578125
0 0.43984375 0.2578125 0.0609375 0.0546875
0 0.4984375 0.3015625 0.0734375 0.0625
0 0.5515625 0.34765625 0.0796875 0.0703125
0 0.48203125 0.353125 0.0796875 0.0625
0 0.44375 0.40234375 0.071875 0.0390625
0 0.3484375 0.3875 0.0859375 0.0609375
0 0.3296875 0.4546875 0.071875 0.034375
0 0.15625 0.49296875 0.0734375 0.0734375
0 0.40703125 0.5265625 0.0859375 0.0421875
0 0.446875 0.4640625 0.0671875 0.0578125
0 0.51953125 0.41015625 0.0578125 0.0609375
0 0.56484375 0.5 0.059375 0.0375
0 0.52578125 0.521875 0.0625 0.0328125
0 0.5078125 0.49375 0.0546875 0.0671875
0 0.49140625 0.60625 0.0875 0.0640625
0 0.41484375 0.61796875 0.084375 0.0640625
0 0.55625 0.70546875 0.0796875 0.0671875
0 0.59296875 0.64921875 0.0484375 0.0625
0 0.69609375 0.71328125 0.08125 0.06875
0 0.6265625 0.60234375 0.0734375 0.0640625
0 0.66484375 0.55546875 0.0546875 0.04375
0 0.69765625 0.50234375 0.059375 0.0421875
0 0.57421875 0.4359375 0.0546875 0.0734375
0 0.5921875 0.4796875 0.0359375 0.0390625
0 0.5671875 0.57421875 0.0640625 0.0796875
0 0.28046875 0.8734375 0.1375 0.096875
0 0.640625 0.46796875 0.05625 0.065625