0 0.89921875 0.05 0.0734375 0.040625
0 0.27109375 0.41328125 0.065625 0.1171875
0 0.25390625 0.54296875 0.0578125 0.0640625
0 0.3015625 0.4875 0.0671875 0.0765625
0 0.3515625 0.4375 0.075 0.084375
0 0.3515625 0.5078125 0.0671875 0.0828125
0 0.3984375 0.54921875 0.04375 0.075
0 0.3765625 0.64296875 0.0671875 0.0890625
0 0.44296875 0.66640625 0.0390625 0.075
0 0.46953125 0.8421875 0.078125 0.078125
0 0.5203125 0.59453125 0.0484375 0.0890625
0 0.46015625 0.55078125 0.0625 0.0703125
0 0.41171875 0.47421875 0.0640625 0.0609375
0 0.5046875 0.43515625 0.040625 0.0625
0 0.5234375 0.47578125 0.0359375 0.065625
0 0.49453125 0.49140625 0.0703125 0.059375
0 0.60546875 0.51640625 0.0703125 0.090625
0 0.61171875 0.59296875 0.06875 0.0875
0 0.709375 0.4578125 0.071875 0.0828125
0 0.65546875 0.41796875 0.0640625 0.0515625
0 0.7265625 0.31875 0.0734375 0.0859375
0 0.6109375 0.38125 0.06875 0.0765625
0 0.56640625 0.33984375 0.046875 0.0578125
0 0.51640625 0.303125 0.0453125 0.0625
0 0.44140625 0.42109375 0.0765625 0.059375
0 0.4859375 0.40625 0.0421875 0.0390625
0 0.578125 0.4375 0.0828125 0.06875
0 0.85703125 0.7453125 0.1046875 0.14375
0 0.478125 0.3578125 0.06875 0.059375