0 0.24140625 0.76640625 0.04921875 0.05546875
0 0.22734375 0.46875 0.0515625 0.05234375
0 0.31328125 0.484375 0.08046875 0.0421875
0 0.2609375 0.58125 0.04921875 0.0640625
0 0.20546875 0.6484375 0.04765625 0.05703125
0 0.43046875 0.784375 0.05234375 0.07421875
0 0.6421875 0.67109375 0.0625 0.03828125
0 0.596875 0.70859375 0.06484375 0.05546875
0 0.67109375 0.703125 0.07734375 0.053125
0 0.72265625 0.7296875 0.0625 0.06953125
0 0.478125 0.68828125 0.06328125 0.053125
0 0.3921875 0.659375 0.0578125 0.0625
0 0.46015625 0.63203125 0.06328125 0.04921875
0 0.5203125 0.6265625 0.06796875 0.06640625
0 0.59453125 0.57890625 0.0484375 0.0796875
0 0.5390625 0.53125 0.0484375 0.08203125
0 0.45234375 0.54296875 0.05546875 0.05703125
0 0.48984375 0.56640625 0.03984375 0.05625
0 0.42734375 0.475 0.04375 0.06015625
0 0.47578125 0.4984375 0.04296875 0.05234375
0 0.3796875 0.50859375 0.0546875 0.0421875
0 0.33671875 0.5390625 0.06953125 0.0359375
0 0.3359375 0.58515625 0.05546875 0.040625
0 0.38828125 0.5890625 0.0609375 0.05390625
0 0.2921875 0.61484375 0.0375 0.075