0 0.76640625 0.75859375 0.05625 0.05
0 0.46875 0.77265625 0.053125 0.0515625
0 0.484375 0.68671875 0.0421875 0.08125
0 0.58125 0.7390625 0.0640625 0.05
0 0.6484375 0.79453125 0.05625 0.046875
0 0.784375 0.56953125 0.075 0.053125
0 0.67109375 0.3578125 0.0375 0.0625
0 0.70859375 0.403125 0.05625 0.065625
0 0.703125 0.32890625 0.053125 0.078125
0 0.7296875 0.27734375 0.06875 0.0625
0 0.68828125 0.521875 0.053125 0.0625
0 0.659375 0.6078125 0.0625 0.0578125
0 0.63203125 0.53984375 0.05 0.0625
0 0.6265625 0.4796875 0.065625 0.06875
0 0.57890625 0.40546875 0.0796875 0.0484375
0 0.53125 0.4609375 0.08125 0.0484375
0 0.54296875 0.54765625 0.05625 0.05625
0 0.56640625 0.51015625 0.05625 0.040625
0 0.475 0.57265625 0.059375 0.04375
0 0.4984375 0.52421875 0.053125 0.04375
0 0.50859375 0.6203125 0.0421875 0.0546875
0 0.5390625 0.66328125 0.0359375 0.06875
0 0.58515625 0.6640625 0.040625 0.05625
0 0.5890625 0.61171875 0.053125 0.0609375
0 0.61484375 0.7078125 0.075 0.0375