0 0.81796875 0.6921875 0.065625 0.0609375
0 0.53125 0.77265625 0.0640625 0.0625
0 0.5265625 0.68515625 0.059375 0.0890625
0 0.6328125 0.71484375 0.0734375 0.0625
0 0.7109375 0.75390625 0.065625 0.0578125
0 0.79296875 0.50390625 0.084375 0.06875
0 0.634375 0.32265625 0.05 0.06875
0 0.68125 0.35859375 0.0703125 0.0765625
0 0.659375 0.2875 0.06875 0.0875
0 0.6734375 0.23125 0.08125 0.0765625
0 0.68828125 0.47890625 0.065625 0.0734375
0 0.6796875 0.56953125 0.0734375 0.0703125
0 0.6375 0.509375 0.0625 0.071875
0 0.61875 0.4515625 0.0796875 0.08125
0 0.55546875 0.38984375 0.0890625 0.065625
0 0.521875 0.4546875 0.090625 0.065625
0 0.55234375 0.53671875 0.0671875 0.0671875
0 0.5671875 0.4953125 0.0640625 0.0515625
0 0.4921875 0.5765625 0.0671875 0.05625
0 0.50390625 0.52421875 0.0609375 0.0546875
0 0.53515625 0.615625 0.053125 0.0625
0 0.575 0.65 0.05 0.075
0 0.61953125 0.640625 0.0515625 0.0640625
0 0.61171875 0.5890625 0.065625 0.071875
0 0.65859375 0.6765625 0.08125 0.053125