0 0.6375 0.20546875 0.0703125 0.075
0 0.596875 0.26328125 0.0796875 0.0828125
0 0.55 0.30234375 0.05625 0.0703125
0 0.278125 0.1078125 0.065625 0.06875
0 0.2625 0.2046875 0.0640625 0.05625
0 0.2390625 0.496875 0.0859375 0.06875
0 0.259375 0.4296875 0.06875 0.078125
0 0.28125 0.571875 0.078125 0.0734375
0 0.271875 0.62890625 0.0703125 0.0625
0 0.23125 0.67421875 0.0921875 0.0578125
0 0.32421875 0.55078125 0.0625 0.0640625
0 0.31328125 0.47421875 0.0609375 0.075
0 0.37265625 0.4953125 0.0546875 0.05625
0 0.4578125 0.5390625 0.0859375 0.05625
0 0.3859375 0.4390625 0.0625 0.0625
0 0.34609375 0.4421875 0.0734375 0.0609375
0 0.4203125 0.43984375 0.0578125 0.0765625
0 0.49453125 0.29296875 0.0671875 0.065625
0 0.48359375 0.3359375 0.065625 0.053125
0 0.47109375 0.36015625 0.0578125 0.0765625
0 0.42265625 0.3484375 0.059375 0.075
0 0.5015625 0.48359375 0.0859375 0.0609375
0 0.52578125 0.4328125 0.065625 0.053125
0 0.37109375 0.38359375 0.059375 0.0671875