0 0.1859375 0.415625 0.06640625 0.06015625
0 0.25 0.44609375 0.07109375 0.06953125
0 0.296875 0.48515625 0.06171875 0.046875
0 0.15234375 0.78671875 0.06015625 0.05546875
0 0.25078125 0.78515625 0.04765625 0.05625
0 0.5421875 0.7578125 0.05546875 0.07734375
0 0.47265625 0.74921875 0.06953125 0.0578125
0 0.60859375 0.703125 0.06171875 0.06796875
0 0.66640625 0.70234375 0.05234375 0.06171875
0 0.71796875 0.734375 0.04296875 0.0859375
0 0.58046875 0.6640625 0.05546875 0.053125
0 0.50703125 0.68828125 0.0671875 0.05078125
0 0.5171875 0.6265625 0.0484375 0.04609375
0 0.54609375 0.534375 0.04296875 0.0796875
0 0.459375 0.62265625 0.0546875 0.05390625
0 0.46953125 0.66171875 0.05 0.065625
0 0.4546875 0.5890625 0.06796875 0.046875
0 0.296875 0.54140625 0.05625 0.0578125
0 0.34140625 0.54453125 0.04453125 0.059375
0 0.3671875 0.553125 0.06953125 0.04609375
0 0.3640625 0.60234375 0.0671875 0.0484375
0 0.48359375 0.5015625 0.0484375 0.07734375
0 0.4296875 0.4859375 0.04453125 0.059375
0 0.4078125 0.646875 0.06015625 0.04921875