0 0.2359375 0.48671875 0.09375 0.0953125
0 0.33984375 0.27734375 0.0484375 0.0671875
0 0.38984375 0.365625 0.06875 0.0703125
0 0.4609375 0.25234375 0.0671875 0.0734375
0 0.74375 0.1328125 0.078125 0.0640625
0 0.48828125 0.3984375 0.071875 0.0796875
0 0.42109375 0.48671875 0.06875 0.0453125
0 0.48125 0.48203125 0.0625 0.053125
0 0.57578125 0.459375 0.078125 0.06875
0 0.3828125 0.63046875 0.08125 0.0828125
0 0.5796875 0.75234375 0.08125 0.1109375
0 0.7015625 0.71953125 0.0890625 0.0734375
0 0.73828125 0.66484375 0.103125 0.0734375
0 0.84375 0.56875 0.065625 0.0734375
0 0.821875 0.46484375 0.078125 0.0703125
0 0.6578125 0.50390625 0.0703125 0.053125
0 0.646875 0.58203125 0.075 0.0625
0 0.63671875 0.6421875 0.0734375 0.0640625
0 0.51875 0.61953125 0.0765625 0.046875
0 0.49921875 0.55859375 0.0625 0.0671875
0 0.55703125 0.54375 0.0671875 0.0625
0 0.3609375 0.49453125 0.0609375 0.0640625
0 0.43046875 0.54453125 0.0703125 0.046875
0 0.4328125 0.58828125 0.0671875 0.06875
0 0.55 0.49921875 0.0765625 0.0453125