0 0.45390625 0.2390625 0.09375 0.0921875
0 0.68125 0.29375 0.065625 0.046875
0 0.60625 0.3625 0.0703125 0.0671875
0 0.7328125 0.40625 0.0734375 0.065625
0 0.9125 0.6546875 0.0640625 0.078125
0 0.59609375 0.465625 0.078125 0.071875
0 0.4953125 0.4203125 0.04375 0.0671875
0 0.51328125 0.47734375 0.053125 0.0625
0 0.55625 0.56484375 0.06875 0.078125
0 0.346875 0.41484375 0.0828125 0.0796875
0 0.271875 0.634375 0.109375 0.0796875
0 0.33125 0.7453125 0.071875 0.0875
0 0.39296875 0.76875 0.071875 0.103125
0 0.51015625 0.85 0.0734375 0.0640625
0 0.60703125 0.80546875 0.06875 0.0765625
0 0.53203125 0.6546875 0.0515625 0.0703125
0 0.453125 0.6609375 0.0609375 0.0734375
0 0.3921875 0.665625 0.0625 0.0734375
0 0.3875 0.54453125 0.046875 0.075
0 0.4421875 0.5125 0.0671875 0.0625
0 0.4703125 0.56484375 0.0625 0.0671875
0 0.47421875 0.3640625 0.0625 0.0609375
0 0.44140625 0.4421875 0.0453125 0.06875
0 0.3984375 0.45390625 0.06875 0.065625
0 0.5125 0.5484375 0.0453125 0.075