0 0.48125 0.2359375 0.0859375 0.084375
0 0.7015625 0.3140625 0.06328125 0.03984375
0 0.6203125 0.37421875 0.0640625 0.0609375
0 0.74140625 0.43125 0.0671875 0.059375
0 0.89375 0.696875 0.05703125 0.07109375
0 0.59921875 0.47578125 0.07265625 0.0640625
0 0.50390625 0.4203125 0.03828125 0.0640625
0 0.515625 0.47890625 0.046875 0.0578125
0 0.54921875 0.5703125 0.0609375 0.07109375
0 0.35625 0.39921875 0.07421875 0.07265625
0 0.259375 0.61015625 0.10234375 0.06875
0 0.30625 0.7265625 0.0640625 0.08125
0 0.365625 0.75625 0.06171875 0.09765625
0 0.4734375 0.84921875 0.0671875 0.0578125
0 0.57421875 0.81484375 0.06171875 0.0703125
0 0.515625 0.65703125 0.0453125 0.065625
0 0.43671875 0.65546875 0.0546875 0.06875
0 0.37578125 0.653125 0.05625 0.0671875
0 0.38359375 0.5328125 0.0390625 0.07109375
0 0.44140625 0.50625 0.0609375 0.05703125
0 0.46328125 0.56171875 0.05703125 0.0609375
0 0.48828125 0.36171875 0.0578125 0.0546875
0 0.44765625 0.43671875 0.0390625 0.065625
0 0.40390625 0.44375 0.06171875 0.059375
0 0.50703125 0.54921875 0.03828125 0.071875