0 0.17578125 0.47109375 0.075 0.0703125
0 0.24453125 0.490625 0.0828125 0.0796875
0 0.29765625 0.5203125 0.0703125 0.05625
0 0.20703125 0.84296875 0.06875 0.065625
0 0.30390625 0.82421875 0.05625 0.0640625
0 0.5859375 0.746875 0.06875 0.0859375
0 0.51640625 0.75 0.078125 0.06875
0 0.6421875 0.68125 0.0734375 0.078125
0 0.69921875 0.6703125 0.0625 0.0703125
0 0.75546875 0.69296875 0.0578125 0.0921875
0 0.6078125 0.64765625 0.0640625 0.0625
0 0.53984375 0.684375 0.075 0.0609375
0 0.5390625 0.621875 0.05625 0.0546875
0 0.5515625 0.52578125 0.05625 0.0859375
0 0.48125 0.628125 0.0625 0.0625
0 0.4984375 0.66484375 0.0609375 0.0734375
0 0.47109375 0.5953125 0.0765625 0.0578125
0 0.30703125 0.57578125 0.065625 0.0671875
0 0.3515625 0.57109375 0.053125 0.065625
0 0.378125 0.575 0.0765625 0.0578125
0 0.38359375 0.62421875 0.075 0.059375
0 0.484375 0.5046875 0.0609375 0.0859375
0 0.428125 0.4984375 0.053125 0.065625
0 0.434375 0.6609375 0.0671875 0.059375