0 0.63359375 0.48203125 0.103125 0.0625
0 0.61484375 0.42421875 0.0859375 0.059375
0 0.578125 0.446875 0.0671875 0.06875
0 0.709375 0.21796875 0.06875 0.075
0 0.5625 0.22421875 0.0640625 0.065625
0 0.59375 0.2859375 0.046875 0.05625
0 0.546875 0.2875 0.0703125 0.0671875
0 0.24765625 0.01640625 0.0890625 0.0328125
0 0.2828125 0.4171875 0.0578125 0.0671875
0 0.2796875 0.559375 0.0578125 0.0828125
0 0.3046875 0.66875 0.0609375 0.0828125
0 0.246875 0.70625 0.0484375 0.0703125
0 0.23203125 0.659375 0.08125 0.0484375
0 0.26875 0.621875 0.0703125 0.0640625
0 0.45703125 0.57578125 0.08125 0.0640625
0 0.45546875 0.53046875 0.0765625 0.0578125
0 0.33359375 0.5125 0.0671875 0.0703125
0 0.34375 0.57734375 0.0578125 0.05625
0 0.38046875 0.5015625 0.059375 0.0703125
0 0.15234375 0.4953125 0.0859375 0.0609375
0 0.19375 0.21171875 0.0765625 0.0875
0 0.43984375 0.3703125 0.065625 0.071875
0 0.43203125 0.41953125 0.0703125 0.08125
0 0.3890625 0.4375 0.05 0.040625
0 0.3296875 0.36875 0.0609375 0.0515625
0 0.33671875 0.33203125 0.0671875 0.05
0 0.4234375 0.3203125 0.0515625 0.0640625
0 0.390625 0.5671875 0.0640625 0.05625
0 0.4875 0.39453125 0.0578125 0.078125
0 0.51328125 0.4546875 0.075 0.0625
0 0.1765625 0.2828125 0.071875 0.0734375
0 0.53046875 0.40546875 0.06875 0.0640625
0 0.4890625 0.18828125 0.0859375 0.0890625