0 0.4546875 0.3734375 0.04296875 0.096875
0 0.4015625 0.403125 0.04453125 0.078125
0 0.43203125 0.434375 0.0578125 0.05625
0 0.18046875 0.35390625 0.0640625 0.05703125
0 0.2171875 0.49609375 0.05625 0.05234375
0 0.27109375 0.453125 0.05078125 0.0375
0 0.28203125 0.4984375 0.05546875 0.059375
0 0.0671875 0.84921875 0.04375 0.08203125
0 0.4640625 0.7296875 0.06015625 0.04609375
0 0.60390625 0.703125 0.075 0.04296875
0 0.70546875 0.65625 0.07421875 0.04609375
0 0.7546875 0.7046875 0.0640625 0.0359375
0 0.71171875 0.72890625 0.03515625 0.07421875
0 0.6671875 0.70078125 0.05234375 0.0609375
0 0.5828125 0.5265625 0.05 0.07109375
0 0.5390625 0.5375 0.04296875 0.06953125
0 0.546875 0.66015625 0.06015625 0.05625
0 0.6078125 0.63671875 0.04609375 0.0484375
0 0.5265625 0.61640625 0.06328125 0.04765625
0 0.56796875 0.840625 0.0453125 0.07890625
0 0.28203125 0.859375 0.0765625 0.06171875
0 0.3859375 0.5859375 0.0625 0.05390625
0 0.43515625 0.58359375 0.07265625 0.05703125
0 0.46171875 0.621875 0.0328125 0.04375
0 0.40703125 0.69375 0.0421875 0.05234375
0 0.36953125 0.69453125 0.03828125 0.0609375
0 0.33984375 0.6125 0.05625 0.03984375
0 0.58828125 0.59296875 0.0453125 0.05625
0 0.39921875 0.534375 0.0703125 0.04375
0 0.453125 0.49609375 0.04921875 0.06640625
0 0.3546875 0.86171875 0.06171875 0.0609375
0 0.4015625 0.48984375 0.05234375 0.059375
0 0.19765625 0.57578125 0.07421875 0.07109375