0 0.36640625 0.51796875 0.103125 0.0625
0 0.38515625 0.57578125 0.0859375 0.059375
0 0.421875 0.553125 0.0671875 0.06875
0 0.290625 0.78203125 0.06875 0.075
0 0.4375 0.77578125 0.0640625 0.065625
0 0.40625 0.7140625 0.046875 0.05625
0 0.453125 0.7125 0.0703125 0.0671875
0 0.75078125 0.9828125 0.0890625 0.034375
0 0.7171875 0.5828125 0.0578125 0.0671875
0 0.7203125 0.440625 0.0578125 0.0828125
0 0.6953125 0.33125 0.0609375 0.0828125
0 0.753125 0.29375 0.0484375 0.0703125
0 0.76796875 0.340625 0.08125 0.0484375
0 0.73125 0.378125 0.0703125 0.0640625
0 0.54296875 0.42421875 0.08125 0.0640625
0 0.54453125 0.46953125 0.0765625 0.0578125
0 0.66640625 0.4875 0.0671875 0.0703125
0 0.65625 0.42265625 0.0578125 0.05625
0 0.61953125 0.4984375 0.059375 0.0703125
0 0.84765625 0.5046875 0.0859375 0.0609375
0 0.80625 0.78828125 0.0765625 0.0875
0 0.56015625 0.6296875 0.065625 0.071875
0 0.56796875 0.58046875 0.0703125 0.08125
0 0.6109375 0.5625 0.05 0.040625
0 0.6703125 0.63125 0.0609375 0.0515625
0 0.66328125 0.66796875 0.0671875 0.05
0 0.5765625 0.6796875 0.0515625 0.0640625
0 0.609375 0.4328125 0.0640625 0.05625
0 0.5125 0.60546875 0.0578125 0.078125
0 0.48671875 0.5453125 0.075 0.0625
0 0.8234375 0.7171875 0.071875 0.0734375
0 0.46953125 0.59453125 0.06875 0.0640625
0 0.5109375 0.81171875 0.0859375 0.0890625