0 0.36640625 0.81171875 0.084375 0.09375
0 0.503125 0.67265625 0.13125 0.06875
0 0.31171875 0.334375 0.05625 0.06875
0 0.34296875 0.29296875 0.0484375 0.0859375
0 0.34296875 0.38515625 0.0671875 0.06875
0 0.39453125 0.46328125 0.075 0.05625
0 0.48984375 0.459375 0.078125 0.05625
0 0.57109375 0.47421875 0.0671875 0.0703125
0 0.5609375 0.53359375 0.0859375 0.0578125
0 0.496875 0.59296875 0.059375 0.025
0 0.53046875 0.61171875 0.0671875 0.04375
0 0.58359375 0.61640625 0.0640625 0.0890625
0 0.67734375 0.5359375 0.075 0.059375
0 0.73984375 0.7171875 0.06875 0.059375
0 0.75859375 0.65625 0.06875 0.075
0 0.8640625 0.7078125 0.053125 0.0546875
0 0.9046875 0.69765625 0.04375 0.065625
0 0.86875 0.48515625 0.0578125 0.0890625
0 0.43359375 0.521875 0.05 0.0734375
0 0.48125 0.5015625 0.0625 0.0328125
0 0.540625 0.7140625 0.046875 0.0359375