0 0.68125 0.21328125 0.0890625 0.0953125
0 0.52421875 0.32890625 0.134375 0.075
0 0.66015625 0.69296875 0.059375 0.0703125
0 0.62265625 0.72890625 0.0515625 0.0890625
0 0.6375 0.6375 0.0703125 0.071875
0 0.5984375 0.553125 0.0765625 0.0609375
0 0.503125 0.5421875 0.0796875 0.0609375
0 0.42578125 0.5140625 0.0703125 0.0734375
0 0.44453125 0.45703125 0.0875 0.0609375
0 0.5171875 0.40859375 0.059375 0.028125
0 0.4875 0.38515625 0.06875 0.046875
0 0.4359375 0.371875 0.06875 0.0921875
0 0.33046875 0.43671875 0.078125 0.0640625
0 0.296875 0.24765625 0.071875 0.0625
0 0.26875 0.30546875 0.0734375 0.078125
0 0.1734375 0.2375 0.0546875 0.0546875
0 0.13125 0.24140625 0.046875 0.0671875
0 0.13359375 0.45703125 0.0625 0.090625
0 0.56875 0.48828125 0.0546875 0.075
0 0.51875 0.5015625 0.0640625 0.0359375
0 0.49296875 0.2828125 0.0484375 0.0390625