0 0.27734375 0.3890625 0.0515625 0.075
0 0.25703125 0.484375 0.06796875 0.05078125
0 0.2046875 0.51640625 0.04765625 0.04609375
0 0.2546875 0.55390625 0.05859375 0.05390625
0 0.2171875 0.78203125 0.04296875 0.06015625
0 0.4484375 0.746875 0.0390625 0.06796875
0 0.38671875 0.7078125 0.05625 0.05390625
0 0.38359375 0.66640625 0.06484375 0.040625
0 0.45546875 0.67890625 0.0625 0.04609375
0 0.45234375 0.62421875 0.06953125 0.05234375
0 0.53125 0.62890625 0.0734375 0.040625
0 0.58515625 0.69609375 0.05546875 0.0578125
0 0.62578125 0.72890625 0.05078125 0.04921875
0 0.67265625 0.68671875 0.06875 0.03828125
0 0.68671875 0.7234375 0.07890625 0.04765625
0 0.7296875 0.7421875 0.06015625 0.06015625
0 0.6046875 0.5140625 0.03984375 0.07890625
0 0.5578125 0.490625 0.05546875 0.07890625
0 0.53515625 0.5234375 0.0375 0.05703125
0 0.584375 0.5546875 0.0546875 0.04453125
0 0.44765625 0.50078125 0.0453125 0.0703125
0 0.46015625 0.57734375 0.05625 0.03984375
0 0.36796875 0.51015625 0.0609375 0.03203125
0 0.3796875 0.55859375 0.07421875 0.0296875
0 0.33359375 0.5875 0.0640625 0.03203125
0 0.3796875 0.60078125 0.0609375 0.05703125
0 0.37734375 0.64140625 0.0515625 0.03125
0 0.32109375 0.63828125 0.0484375 0.04765625
0 0.32890625 0.4453125 0.06484375 0.04296875
0 0.61640625 0.6234375 0.0484375 0.05390625
0 0.31015625 0.790625 0.05078125 0.05390625
0 0.53671875 0.58203125 0.04765625 0.0421875