0 0.4375 0.740625 0.084375 0.065625
0 0.53515625 0.740625 0.0625 0.078125
0 0.57734375 0.78515625 0.05625 0.05625
0 0.60390625 0.72890625 0.0640625 0.06875
0 0.834375 0.71796875 0.0671875 0.053125
0 0.75234375 0.49921875 0.075 0.053125
0 0.7265625 0.56796875 0.0640625 0.065625
0 0.68671875 0.57890625 0.053125 0.071875
0 0.684375 0.50625 0.059375 0.0703125
0 0.63125 0.52109375 0.065625 0.078125
0 0.61953125 0.44296875 0.0546875 0.0796875
0 0.67421875 0.37578125 0.06875 0.0671875
0 0.69765625 0.3296875 0.059375 0.059375
0 0.646875 0.2921875 0.0515625 0.075
0 0.6796875 0.27109375 0.0625 0.0859375
0 0.6890625 0.225 0.0703125 0.0703125
0 0.4921875 0.39453125 0.084375 0.05625
0 0.47890625 0.4453125 0.0875 0.071875
0 0.515625 0.4609375 0.0625 0.0484375
0 0.5359375 0.40625 0.0546875 0.0625
0 0.51171875 0.55078125 0.078125 0.059375
0 0.58359375 0.52265625 0.0515625 0.0640625
0 0.5375 0.62734375 0.04375 0.065625
0 0.58203125 0.60546875 0.0453125 0.0796875
0 0.6203125 0.64453125 0.04375 0.06875
0 0.6234375 0.596875 0.0671875 0.071875
0 0.6640625 0.590625 0.040625 0.05625
0 0.67265625 0.64609375 0.05625 0.0578125
0 0.48203125 0.67890625 0.05625 0.0734375
0 0.596875 0.36015625 0.0625 0.0578125
0 0.8234375 0.625 0.0625 0.059375
0 0.57265625 0.446875 0.0515625 0.0546875