0 0.19609375 0.35 0.08828125 0.0796875
0 0.32734375 0.49375 0.06171875 0.128125
0 0.675 0.3203125 0.065625 0.05390625
0 0.71484375 0.35390625 0.084375 0.04375
0 0.62265625 0.34921875 0.06484375 0.0640625
0 0.5421875 0.396875 0.05234375 0.071875
0 0.54140625 0.4921875 0.053125 0.07421875
0 0.521875 0.57265625 0.0671875 0.0640625
0 0.46328125 0.559375 0.053125 0.0828125
0 0.40703125 0.4921875 0.021875 0.0578125
0 0.38671875 0.52421875 0.040625 0.06484375
0 0.3796875 0.57734375 0.0859375 0.059375
0 0.4546875 0.675 0.05703125 0.071875
0 0.2703125 0.728125 0.05703125 0.065625
0 0.33046875 0.75 0.07265625 0.065625
0 0.2734375 0.85234375 0.05078125 0.05078125
0 0.28125 0.89375 0.0640625 0.03984375
0 0.4953125 0.86875 0.0859375 0.05390625
0 0.48125 0.4328125 0.0703125 0.04765625
0 0.49921875 0.48125 0.0296875 0.0609375
0 0.284375 0.5296875 0.03515625 0.0453125