0 0.2875 0.3703125 0.0578125 0.0796875
0 0.259375 0.46328125 0.0734375 0.05625
0 0.2046875 0.490625 0.0515625 0.0515625
0 0.25078125 0.53203125 0.0640625 0.0578125
0 0.19375 0.75625 0.0484375 0.0625
0 0.42734375 0.74140625 0.0453125 0.071875
0 0.36875 0.696875 0.0609375 0.0578125
0 0.36953125 0.65546875 0.06875 0.046875
0 0.43984375 0.67421875 0.065625 0.0515625
0 0.44140625 0.61953125 0.0734375 0.059375
0 0.51953125 0.63125 0.0765625 0.046875
0 0.56796875 0.703125 0.0609375 0.0625
0 0.60546875 0.7390625 0.0546875 0.0546875
0 0.65546875 0.70078125 0.071875 0.04375
0 0.66640625 0.7390625 0.08125 0.053125
0 0.7078125 0.7609375 0.0640625 0.0640625
0 0.603125 0.5234375 0.046875 0.08125
0 0.55859375 0.4953125 0.0625 0.0828125
0 0.5328125 0.5265625 0.0421875 0.059375
0 0.57890625 0.56171875 0.0578125 0.0484375
0 0.44765625 0.49609375 0.0515625 0.0734375
0 0.45390625 0.5734375 0.059375 0.0453125
0 0.36796875 0.4984375 0.0640625 0.0359375
0 0.375 0.54765625 0.0765625 0.0359375
0 0.3265625 0.57265625 0.0671875 0.0359375
0 0.37109375 0.58984375 0.065625 0.0609375
0 0.365625 0.63046875 0.0546875 0.0359375
0 0.309375 0.621875 0.0515625 0.0515625
0 0.334375 0.43046875 0.06875 0.05
0 0.60546875 0.6328125 0.053125 0.0578125
0 0.2859375 0.77265625 0.0546875 0.0578125
0 0.5296875 0.58515625 0.05 0.046875