0 0.6046875 0.709375 0.0796875 0.053125
0 0.69921875 0.74140625 0.07578125 0.0640625
0 0.77109375 0.77265625 0.06640625 0.06015625
0 0.7625 0.82890625 0.0765625 0.059375
0 0.61640625 0.40859375 0.08203125 0.07421875
0 0.3484375 0.3515625 0.05703125 0.0765625
0 0.52578125 0.4390625 0.06640625 0.05546875
0 0.4078125 0.43984375 0.0796875 0.04375
0 0.23984375 0.56796875 0.0421875 0.0703125
0 0.18046875 0.5890625 0.03359375 0.07734375
0 0.26640625 0.8015625 0.04921875 0.065625
0 0.31171875 0.54765625 0.04453125 0.059375
0 0.48515625 0.653125 0.04921875 0.0734375
0 0.53203125 0.6296875 0.05703125 0.05703125
0 0.5390625 0.53359375 0.0625 0.0625
0 0.5796875 0.55625 0.03671875 0.0703125
0 0.61640625 0.559375 0.04765625 0.05546875
0 0.60625 0.62734375 0.0515625 0.06171875
0 0.34609375 0.52265625 0.04140625 0.06015625
0 0.4109375 0.48515625 0.0640625 0.05078125
0 0.42265625 0.56796875 0.0640625 0.053125
0 0.42109375 0.66328125 0.06015625 0.06015625
0 0.45859375 0.61953125 0.0453125 0.0578125
0 0.36328125 0.70234375 0.04765625 0.0640625
0 0.28046875 0.6390625 0.0484375 0.06640625
0 0.3453125 0.60390625 0.04375 0.06875
0 0.3515625 0.47890625 0.05625 0.04453125