0 0.696875 0.67265625 0.0640625 0.0671875
0 0.6671875 0.6125 0.0609375 0.0609375
0 0.59765625 0.6171875 0.0609375 0.0875
0 0.4734375 0.63046875 0.090625 0.0734375
0 0.5171875 0.5796875 0.0609375 0.071875
0 0.55703125 0.5375 0.0453125 0.0625
0 0.5140625 0.51015625 0.0671875 0.0515625
0 0.57578125 0.4859375 0.0671875 0.053125
0 0.60390625 0.521875 0.0609375 0.053125
0 0.521875 0.38359375 0.0578125 0.0484375
0 0.4859375 0.3734375 0.071875 0.04375
0 0.40859375 0.30078125 0.071875 0.0640625
0 0.36328125 0.25078125 0.0734375 0.084375
0 0.3703125 0.44140625 0.0609375 0.0859375
0 0.3765625 0.51640625 0.0546875 0.059375
0 0.415625 0.5453125 0.0640625 0.0765625
0 0.33359375 0.62265625 0.125 0.1
0 0.31796875 0.46640625 0.0734375 0.05625
0 0.3390625 0.5015625 0.059375 0.0546875
0 0.8734375 0.271875 0.13125 0.1390625