0 0.6921875 0.321875 0.0609375 0.0578125
0 0.6296875 0.3453125 0.0546875 0.05703125
0 0.6265625 0.41484375 0.0828125 0.05234375
0 0.62734375 0.53984375 0.065625 0.08515625
0 0.58125 0.49140625 0.0671875 0.0546875
0 0.54296875 0.446875 0.06015625 0.0390625
0 0.51171875 0.48671875 0.0453125 0.06171875
0 0.49375 0.4234375 0.046875 0.06328125
0 0.5328125 0.39921875 0.04765625 0.05703125
0 0.38671875 0.46640625 0.04296875 0.053125
0 0.37265625 0.50078125 0.03828125 0.06796875
0 0.2921875 0.5703125 0.0578125 0.065625
0 0.2375 0.61015625 0.07734375 0.065625
0 0.428125 0.62265625 0.08125 0.05234375
0 0.503125 0.62421875 0.0546875 0.05078125
0 0.5359375 0.58828125 0.0703125 0.05703125
0 0.6046875 0.678125 0.0890625 0.115625
0 0.44765625 0.67734375 0.05 0.06796875
0 0.484375 0.66015625 0.05078125 0.0546875
0 0.3125 0.1046875 0.12890625 0.11875