0 0.6828125 0.35390625 0.06875 0.0890625
0 0.69453125 0.2546875 0.078125 0.0859375
0 0.71015625 0.178125 0.071875 0.0765625
0 0.7671875 0.175 0.0734375 0.0875
0 0.38671875 0.40546875 0.090625 0.0953125
0 0.3859375 0.67890625 0.0859375 0.0703125
0 0.43515625 0.4875 0.06875 0.0765625
0 0.46015625 0.60234375 0.059375 0.0875
0 0.6203125 0.740625 0.078125 0.05625
0 0.65390625 0.79375 0.0828125 0.05
0 0.84375 0.665625 0.075 0.0625
0 0.5859375 0.67421875 0.0671875 0.0546875
0 0.653125 0.4828125 0.0828125 0.0640625
0 0.6203125 0.44140625 0.0671875 0.0671875
0 0.525 0.4546875 0.0734375 0.0734375
0 0.53828125 0.41015625 0.0765625 0.0515625
0 0.53359375 0.3734375 0.0640625 0.0578125
0 0.60234375 0.36953125 0.071875 0.0640625
0 0.55390625 0.64609375 0.0671875 0.0515625
0 0.50390625 0.58984375 0.0625 0.0734375
0 0.5828125 0.56171875 0.065625 0.0734375
0 0.67578125 0.54296875 0.0703125 0.0703125
0 0.62578125 0.515625 0.065625 0.05625
0 0.7265625 0.59140625 0.071875 0.059375
0 0.68203125 0.6859375 0.075 0.0609375
0 0.63359375 0.6296875 0.0765625 0.0578125
0 0.51015625 0.64921875 0.0546875 0.0640625