0 0.6859375 0.35703125 0.0671875 0.0890625
0 0.69921875 0.25859375 0.0765625 0.0859375
0 0.715625 0.18203125 0.0703125 0.075
0 0.77265625 0.1796875 0.0734375 0.0859375
0 0.38828125 0.403125 0.0890625 0.09375
0 0.38359375 0.67734375 0.0859375 0.0703125
0 0.43515625 0.4859375 0.0671875 0.075
0 0.45859375 0.60234375 0.0578125 0.0859375
0 0.61640625 0.7421875 0.0765625 0.0546875
0 0.6484375 0.796875 0.0828125 0.0484375
0 0.840625 0.671875 0.0734375 0.0609375
0 0.5828125 0.67578125 0.0671875 0.0546875
0 0.653125 0.48515625 0.08125 0.0625
0 0.62109375 0.44375 0.065625 0.065625
0 0.52578125 0.45546875 0.0734375 0.0734375
0 0.53984375 0.4109375 0.0765625 0.05
0 0.5359375 0.37421875 0.0640625 0.05625
0 0.6046875 0.37109375 0.071875 0.0625
0 0.5515625 0.646875 0.065625 0.0515625
0 0.50234375 0.590625 0.0609375 0.071875
0 0.58125 0.56328125 0.0640625 0.0734375
0 0.675 0.54609375 0.0703125 0.0703125
0 0.625 0.51796875 0.065625 0.05625
0 0.725 0.5953125 0.071875 0.0578125
0 0.678125 0.6890625 0.0734375 0.059375
0 0.63125 0.63203125 0.0765625 0.05625
0 0.5078125 0.65 0.053125 0.0640625