0 0.65703125 0.709375 0.0640625 0.0671875
0 0.640625 0.6453125 0.0609375 0.0609375
0 0.57109375 0.63515625 0.0609375 0.0875
0 0.446875 0.62265625 0.090625 0.0734375
0 0.5 0.58203125 0.0609375 0.071875
0 0.5484375 0.5484375 0.0453125 0.0625
0 0.51171875 0.51328125 0.0671875 0.0515625
0 0.5765625 0.5015625 0.0671875 0.053125
0 0.596875 0.54296875 0.0609375 0.053125
0 0.5453125 0.390625 0.0578125 0.0484375
0 0.5125 0.3734375 0.071875 0.04375
0 0.4515625 0.2859375 0.071875 0.0640625
0 0.41796875 0.22734375 0.0734375 0.084375
0 0.38515625 0.415625 0.0609375 0.0859375
0 0.37578125 0.48984375 0.0546875 0.059375
0 0.40859375 0.5265625 0.0640625 0.0765625
0 0.31171875 0.58515625 0.125 0.1
0 0.32890625 0.4296875 0.0734375 0.05625
0 0.3421875 0.46796875 0.059375 0.0546875
0 0.9125 0.3546875 0.13125 0.1390625