0 0.68515625 0.32578125 0.05 0.0828125
0 0.8265625 0.6 0.06875 0.12578125
0 0.76875 0.81171875 0.05703125 0.121875
0 0.6140625 0.90234375 0.05390625 0.08125
0 0.2671875 0.6078125 0.0359375 0.0640625
0 0.35390625 0.6625 0.08984375 0.05078125
0 0.41484375 0.690625 0.0296875 0.059375
0 0.44921875 0.67421875 0.03984375 0.0703125
0 0.4953125 0.6265625 0.05625 0.0453125
0 0.575 0.59609375 0.0578125 0.05
0 0.56015625 0.55625 0.04296875 0.07890625
0 0.55625 0.4765625 0.04609375 0.05703125
0 0.60234375 0.4296875 0.0859375 0.0546875
0 0.6421875 0.33828125 0.0421875 0.0609375
0 0.5984375 0.36875 0.05078125 0.05234375
0 0.50078125 0.42421875 0.03984375 0.059375
0 0.50625 0.47734375 0.05 0.06171875
0 0.55859375 0.4 0.0546875 0.04375
0 0.43671875 0.47109375 0.05703125 0.078125
0 0.3890625 0.48359375 0.04609375 0.07890625
0 0.46875 0.5609375 0.059375 0.06171875
0 0.38671875 0.57421875 0.0421875 0.0828125
0 0.34609375 0.56953125 0.0421875 0.07265625
0 0.34765625 0.484375 0.02890625 0.05703125
0 0.3015625 0.5 0.06484375 0.05390625
0 0.31015625 0.55625 0.0796875 0.06015625
0 0.40234375 0.74296875 0.071875 0.0578125
0 0.940625 0.3171875 0.07109375 0.046875
0 0.459375 0.39921875 0.0578125 0.05625