0 0.2640625 0.84296875 0.0671875 0.071875
0 0.51953125 0.68515625 0.0703125 0.090625
0 0.44453125 0.5953125 0.08125 0.05
0 0.453125 0.5515625 0.0859375 0.0671875
0 0.54609375 0.46953125 0.0734375 0.065625
0 0.60859375 0.415625 0.0859375 0.065625
0 0.7234375 0.396875 0.075 0.08125
0 0.78671875 0.33046875 0.08125 0.0890625
0 0.7875 0.253125 0.059375 0.0671875
0 0.81484375 0.28046875 0.0578125 0.0921875
0 0.6953125 0.4640625 0.078125 0.0671875
0 0.6359375 0.49140625 0.05625 0.0640625
0 0.61328125 0.55703125 0.06875 0.0609375
0 0.5546875 0.57421875 0.0640625 0.0625
0 0.56328125 0.62421875 0.0453125 0.0703125
0 0.64453125 0.59609375 0.0578125 0.0453125
0 0.7078125 0.57421875 0.0875 0.053125
0 0.70703125 0.62421875 0.0703125 0.05625
0 0.65078125 0.63984375 0.075 0.071875
0 0.59453125 0.63984375 0.0609375 0.0671875
0 0.64296875 0.6984375 0.078125 0.053125
0 0.7078125 0.7828125 0.053125 0.0875
0 0.740625 0.6671875 0.0515625 0.071875
0 0.6890625 0.52890625 0.046875 0.0765625
0 0.64921875 0.53984375 0.0625 0.0796875