0 0.29921875 0.34453125 0.0890625 0.0625
0 0.54765625 0.16171875 0.134375 0.0875
0 0.765625 0.1859375 0.1296875 0.075
0 0.8796875 0.32421875 0.0890625 0.065625
0 0.64296875 0.71328125 0.06875 0.0453125
0 0.68359375 0.61875 0.0640625 0.096875
0 0.7015625 0.55390625 0.0640625 0.0390625
0 0.6796875 0.52265625 0.0765625 0.0515625
0 0.62578125 0.48515625 0.053125 0.0625
0 0.5828125 0.4109375 0.0578125 0.065625
0 0.54609375 0.43203125 0.084375 0.0546875
0 0.46796875 0.4484375 0.0625 0.0546875
0 0.41484375 0.41015625 0.0671875 0.09375
0 0.31796875 0.38515625 0.0671875 0.0515625
0 0.3546875 0.4234375 0.0609375 0.0578125
0 0.425 0.5109375 0.065625 0.05
0 0.4765625 0.49765625 0.0703125 0.059375
0 0.3921875 0.4578125 0.0515625 0.0609375
0 0.48125 0.5671875 0.0859375 0.0671875
0 0.50078125 0.6125 0.084375 0.0578125
0 0.56484375 0.52109375 0.0703125 0.06875
0 0.59140625 0.6 0.0890625 0.0546875
0 0.59296875 0.64140625 0.078125 0.053125
0 0.50859375 0.653125 0.059375 0.0359375
0 0.53125 0.69609375 0.0625 0.0734375
0 0.58515625 0.67890625 0.071875 0.0875
0 0.75546875 0.55859375 0.06875 0.0796875
0 0.25078125 0.09375 0.0578125 0.078125
0 0.40703125 0.55625 0.0640625 0.065625