0 0.7171875 0.1453125 0.065625 0.06875
0 0.4703125 0.31640625 0.0671875 0.0875
0 0.55078125 0.4015625 0.08125 0.046875
0 0.54453125 0.44609375 0.084375 0.0640625
0 0.45546875 0.5328125 0.071875 0.0625
0 0.39609375 0.58984375 0.084375 0.0625
0 0.28203125 0.61484375 0.071875 0.0796875
0 0.22265625 0.68359375 0.078125 0.0859375
0 0.22578125 0.76171875 0.05625 0.065625
0 0.196875 0.7359375 0.053125 0.090625
0 0.30703125 0.54609375 0.075 0.0640625
0 0.36484375 0.515625 0.053125 0.0609375
0 0.38359375 0.4484375 0.0671875 0.059375
0 0.4421875 0.42890625 0.0625 0.059375
0 0.43046875 0.37890625 0.0421875 0.06875
0 0.35 0.41171875 0.05625 0.04375
0 0.2890625 0.43671875 0.0859375 0.0484375
0 0.28671875 0.38671875 0.0671875 0.0546875
0 0.3421875 0.36796875 0.071875 0.06875
0 0.3984375 0.365625 0.0578125 0.065625
0 0.346875 0.309375 0.0765625 0.0484375
0 0.27734375 0.22890625 0.0484375 0.0859375
0 0.2515625 0.34609375 0.0484375 0.0703125
0 0.309375 0.48125 0.0421875 0.075
0 0.34921875 0.46796875 0.059375 0.078125