0 0.12109375 0.32734375 0.0625 0.0578125
0 0.32109375 0.5515625 0.08203125 0.0578125
0 0.39609375 0.46171875 0.03828125 0.0765625
0 0.44140625 0.4625 0.0546875 0.078125
0 0.53828125 0.53984375 0.0546875 0.06484375
0 0.6015625 0.5921875 0.05234375 0.07734375
0 0.640625 0.70234375 0.07265625 0.0640625
0 0.71640625 0.753125 0.07890625 0.06953125
0 0.79296875 0.740625 0.06015625 0.04921875
0 0.77109375 0.771875 0.0859375 0.04453125
0 0.56953125 0.6859375 0.05625 0.06875
0 0.53203125 0.63203125 0.05625 0.04765625
0 0.46328125 0.621875 0.0515625 0.0609375
0 0.43671875 0.56640625 0.05390625 0.05546875
0 0.38828125 0.58359375 0.06640625 0.03515625
0 0.43046875 0.659375 0.03671875 0.0515625
0 0.46328125 0.7171875 0.0390625 0.08203125
0 0.41328125 0.72578125 0.04609375 0.0625
0 0.38828125 0.67265625 0.0609375 0.065625
0 0.37890625 0.6171875 0.05859375 0.0515625
0 0.3296875 0.675 0.03984375 0.07265625
0 0.2578125 0.75390625 0.08203125 0.0390625
0 0.37734375 0.765625 0.06640625 0.040625
0 0.5046875 0.69140625 0.07109375 0.034375
0 0.48671875 0.65390625 0.07109375 0.0515625