0 0.3359375 0.30625 0.0859375 0.0546875
0 0.6171875 0.17890625 0.128125 0.075
0 0.825 0.24765625 0.125 0.0625
0 0.9078125 0.40703125 0.084375 0.0578125
0 0.5953125 0.73828125 0.065625 0.0390625
0 0.6546875 0.6546875 0.0546875 0.09375
0 0.6859375 0.5953125 0.0609375 0.0328125
0 0.67109375 0.56015625 0.071875 0.04375
0 0.62578125 0.5109375 0.0484375 0.0578125
0 0.6 0.43046875 0.053125 0.0609375
0 0.559375 0.44296875 0.0796875 0.0484375
0 0.4796875 0.44296875 0.059375 0.05
0 0.43515625 0.39375 0.059375 0.0890625
0 0.34609375 0.34921875 0.0625 0.0453125
0 0.37421875 0.39453125 0.05625 0.053125
0 0.42421875 0.4953125 0.0609375 0.04375
0 0.47734375 0.4921875 0.065625 0.053125
0 0.403125 0.4359375 0.046875 0.05625
0 0.46796875 0.56171875 0.08125 0.0609375
0 0.478125 0.61015625 0.08125 0.0515625
0 0.559375 0.534375 0.065625 0.0625
0 0.56796875 0.6171875 0.084375 0.046875
0 0.56171875 0.65703125 0.0734375 0.0453125
0 0.4765625 0.6515625 0.0578125 0.03125
0 0.48984375 0.6984375 0.05625 0.06875
0 0.54609375 0.6921875 0.0640625 0.0828125
0 0.7375 0.61015625 0.0609375 0.075
0 0.340625 0.05078125 0.05 0.075
0 0.396875 0.53515625 0.059375 0.0609375