0 0.68828125 0.32109375 0.059375 0.06796875
0 0.63984375 0.33515625 0.05078125 0.065625
0 0.59921875 0.384375 0.05 0.06875
0 0.61171875 0.4875 0.07421875 0.05703125
0 0.578125 0.55234375 0.07578125 0.04765625
0 0.46328125 0.38515625 0.0703125 0.06875
0 0.496875 0.4296875 0.03515625 0.04375
0 0.4703125 0.4734375 0.02890625 0.0609375
0 0.5171875 0.478125 0.04921875 0.0671875
0 0.54765625 0.44921875 0.034375 0.04296875
0 0.56640625 0.409375 0.040625 0.0546875
0 0.40703125 0.459375 0.04609375 0.05234375
0 0.32109375 0.48046875 0.0921875 0.04921875
0 0.2828125 0.55546875 0.04296875 0.06328125
0 0.296875 0.60234375 0.046875 0.06875
0 0.3421875 0.5453125 0.04375 0.05703125
0 0.34765625 0.59765625 0.0359375 0.078125
0 0.39765625 0.5953125 0.04296875 0.06171875
0 0.45625 0.5484375 0.06796875 0.053125
0 0.47421875 0.59375 0.06328125 0.06171875
0 0.52578125 0.559375 0.06328125 0.05234375
0 0.57578125 0.68984375 0.07421875 0.03984375
0 0.46640625 0.66875 0.040625 0.0703125
0 0.34765625 0.7296875 0.0578125 0.07109375
0 0.39921875 0.7015625 0.046875 0.07109375
0 0.43515625 0.71484375 0.03984375 0.07890625
0 0.46484375 0.92734375 0.059375 0.0421875
0 0.51953125 0.946875 0.07265625 0.046875