0 0.6359375 0.72109375 0.0796875 0.071875
0 0.63203125 0.67109375 0.075 0.0625
0 0.5921875 0.62109375 0.078125 0.0625
0 0.4890625 0.61171875 0.0703125 0.084375
0 0.4328125 0.565625 0.0609375 0.0828125
0 0.6203125 0.48828125 0.08125 0.0828125
0 0.56953125 0.51171875 0.05 0.0421875
0 0.53203125 0.4765625 0.065625 0.040625
0 0.51796875 0.52109375 0.0765625 0.0625
0 0.53984375 0.55703125 0.05 0.0421875
0 0.575 0.58359375 0.0625 0.0515625
0 0.559375 0.4171875 0.0609375 0.05625
0 0.55625 0.32890625 0.06875 0.1
0 0.490625 0.27578125 0.0703125 0.05625
0 0.4421875 0.2796875 0.0765625 0.059375
0 0.48828125 0.3359375 0.0640625 0.0546875
0 0.4359375 0.33046875 0.084375 0.0515625
0 0.428125 0.3796875 0.0703125 0.05625
0 0.46171875 0.446875 0.065625 0.078125
0 0.41328125 0.45546875 0.0734375 0.0734375
0 0.43671875 0.5125 0.065625 0.071875
0 0.2984375 0.534375 0.0546875 0.08125
0 0.3421875 0.43203125 0.0765625 0.0546875
0 0.30703125 0.303125 0.0828125 0.071875
0 0.3234375 0.359375 0.0796875 0.0609375
0 0.303125 0.3921875 0.084375 0.05625
0 0.0890625 0.3765625 0.053125 0.0671875
0 0.05859375 0.4265625 0.0609375 0.0796875