0 0.36015625 0.28125 0.078125 0.071875
0 0.36484375 0.33125 0.0734375 0.0609375
0 0.40546875 0.38046875 0.0765625 0.0625
0 0.509375 0.38828125 0.06875 0.084375
0 0.56640625 0.43359375 0.0609375 0.0828125
0 0.38046875 0.5140625 0.08125 0.0828125
0 0.43046875 0.48984375 0.05 0.0421875
0 0.46796875 0.52421875 0.065625 0.0390625
0 0.48203125 0.47890625 0.075 0.0625
0 0.459375 0.44375 0.05 0.0421875
0 0.4234375 0.4171875 0.0609375 0.05
0 0.4421875 0.58359375 0.0609375 0.05625
0 0.446875 0.671875 0.0671875 0.1
0 0.51328125 0.7234375 0.0703125 0.0546875
0 0.56171875 0.71875 0.0765625 0.059375
0 0.5140625 0.66328125 0.0640625 0.053125
0 0.56640625 0.66796875 0.0828125 0.05
0 0.57421875 0.61875 0.0703125 0.0546875
0 0.5390625 0.55234375 0.065625 0.078125
0 0.58671875 0.54296875 0.0734375 0.0734375
0 0.56328125 0.4859375 0.0640625 0.071875
0 0.70078125 0.46171875 0.0546875 0.08125
0 0.659375 0.56484375 0.0765625 0.053125
0 0.69609375 0.69375 0.08125 0.0703125
0 0.67890625 0.6375 0.0796875 0.059375
0 0.6984375 0.6046875 0.084375 0.0546875
0 0.9125 0.61640625 0.053125 0.065625
0 0.9421875 0.56640625 0.059375 0.0796875