0 0.4359375 0.06875 0.0828125 0.090625
0 0.33046875 0.49453125 0.0609375 0.046875
0 0.38671875 0.47890625 0.06875 0.05234375
0 0.5421875 0.53515625 0.0609375 0.05703125
0 0.73203125 0.7359375 0.05078125 0.0703125
0 0.69296875 0.70546875 0.04609375 0.06953125
0 0.6578125 0.6859375 0.0453125 0.0609375
0 0.6234375 0.65703125 0.03828125 0.0515625
0 0.56796875 0.653125 0.0421875 0.05234375
0 0.5703125 0.7015625 0.06953125 0.05234375
0 0.6078125 0.603125 0.04296875 0.065625
0 0.575 0.57109375 0.04453125 0.0421875
0 0.49375 0.6234375 0.05390625 0.040625
0 0.40078125 0.57734375 0.05 0.04375
0 0.3484375 0.61171875 0.08125 0.0421875
0 0.33046875 0.6625 0.0453125 0.040625
0 0.19609375 0.7734375 0.075 0.05078125
0 0.2625 0.8234375 0.06953125 0.046875
0 0.2984375 0.78125 0.0671875 0.04921875
0 0.28984375 0.7109375 0.075 0.04296875
0 0.4796875 0.53828125 0.04609375 0.0640625
0 0.4453125 0.52421875 0.02734375 0.065625
0 0.38671875 0.52421875 0.05703125 0.0375