0 0.92734375 0.41328125 0.0953125 0.0875
0 0.496875 0.33046875 0.05 0.0640625
0 0.51484375 0.3859375 0.05625 0.071875
0 0.4671875 0.54375 0.059375 0.0640625
0 0.2765625 0.74375 0.0734375 0.053125
0 0.3046875 0.703125 0.071875 0.05
0 0.32265625 0.6671875 0.0625 0.0484375
0 0.35 0.63125 0.053125 0.040625
0 0.35078125 0.57578125 0.0546875 0.0453125
0 0.30234375 0.58046875 0.05625 0.071875
0 0.40234375 0.61328125 0.0671875 0.046875
0 0.4328125 0.57890625 0.04375 0.0453125
0 0.3765625 0.5 0.04375 0.0546875
0 0.4171875 0.4046875 0.046875 0.0515625
0 0.38046875 0.3546875 0.046875 0.0828125
0 0.32890625 0.3390625 0.0421875 0.046875
0 0.2109375 0.2109375 0.053125 0.078125
0 0.16484375 0.2796875 0.05 0.071875
0 0.20859375 0.31328125 0.053125 0.0703125
0 0.278125 0.30078125 0.046875 0.0765625
0 0.4609375 0.48203125 0.0671875 0.05
0 0.47265625 0.446875 0.0671875 0.03125
0 0.46953125 0.38828125 0.040625 0.0578125