0 0.41328125 0.07265625 0.0875 0.0953125
0 0.33046875 0.503125 0.0640625 0.05
0 0.3859375 0.48515625 0.071875 0.05625
0 0.54375 0.5328125 0.0640625 0.059375
0 0.74375 0.7234375 0.053125 0.0734375
0 0.703125 0.6953125 0.05 0.071875
0 0.6671875 0.67734375 0.0484375 0.0625
0 0.63125 0.65 0.040625 0.053125
0 0.57578125 0.64921875 0.0453125 0.0546875
0 0.58046875 0.69765625 0.071875 0.05625
0 0.61328125 0.59765625 0.046875 0.0671875
0 0.57890625 0.5671875 0.0453125 0.04375
0 0.5 0.6234375 0.0546875 0.04375
0 0.4046875 0.5828125 0.0515625 0.046875
0 0.3546875 0.61953125 0.0828125 0.046875
0 0.3390625 0.67109375 0.046875 0.0421875
0 0.2109375 0.7890625 0.078125 0.053125
0 0.2796875 0.83515625 0.071875 0.05
0 0.31328125 0.79140625 0.0703125 0.053125
0 0.30078125 0.721875 0.0765625 0.046875
0 0.48203125 0.5390625 0.05 0.0671875
0 0.446875 0.52734375 0.03125 0.0671875
0 0.38828125 0.53046875 0.0578125 0.040625