0 0.87421875 0.590625 0.0890625 0.084375
0 0.671875 0.6828125 0.0875 0.0796875
0 0.7015625 0.5890625 0.0921875 0.0609375
0 0.7484375 0.3625 0.1125 0.06875
0 0.68203125 0.18515625 0.08125 0.059375
0 0.675 0.23203125 0.084375 0.0625
0 0.6375 0.13671875 0.0921875 0.0609375
0 0.5953125 0.2 0.0921875 0.084375
0 0.6109375 0.31015625 0.084375 0.08125
0 0.48515625 0.21640625 0.1046875 0.0625
0 0.409375 0.1578125 0.096875 0.0484375
0 0.14296875 0.6109375 0.134375 0.121875
0 0.4796875 0.6484375 0.08125 0.059375
0 0.6296875 0.496875 0.06875 0.0484375
0 0.8328125 0.4671875 0.0640625 0.071875
0 0.74609375 0.459375 0.0609375 0.0953125
0 0.61015625 0.41640625 0.090625 0.0703125
0 0.49765625 0.35625 0.0515625 0.1
0 0.4578125 0.3328125 0.071875 0.065625
0 0.675 0.3125 0.0734375 0.0515625
0 0.6765625 0.3484375 0.0734375 0.0609375
0 0.79296875 0.5625 0.0625 0.0640625
0 0.6921875 0.47578125 0.05625 0.0734375
0 0.67109375 0.415625 0.04375 0.0578125