0 0.490625 0.11484375 0.0859375 0.090625
0 0.63203125 0.28671875 0.08125 0.0890625
0 0.534375 0.28203125 0.0609375 0.09375
0 0.303125 0.29609375 0.0703125 0.1125
0 0.14921875 0.40546875 0.059375 0.08125
0 0.19609375 0.40078125 0.0640625 0.084375
0 0.11328125 0.4609375 0.0609375 0.09375
0 0.1859375 0.4859375 0.0859375 0.09375
0 0.28828125 0.4421875 0.08125 0.0859375
0 0.2296875 0.5875 0.0640625 0.10625
0 0.19296875 0.6765625 0.05 0.0984375
0 0.7 0.815625 0.1234375 0.1359375
0 0.64921875 0.48125 0.059375 0.08125
0 0.46328125 0.37578125 0.0484375 0.06875
0 0.38203125 0.18671875 0.0734375 0.0640625
0 0.396875 0.2734375 0.096875 0.0625
0 0.39140625 0.41484375 0.071875 0.0921875
0 0.36171875 0.5390625 0.1 0.053125
0 0.34921875 0.584375 0.065625 0.0734375
0 0.2734375 0.3796875 0.053125 0.0734375
0 0.3078125 0.36875 0.0625 0.0734375
0 0.48515625 0.20078125 0.065625 0.0640625
0 0.4265625 0.32109375 0.075 0.0578125
0 0.37421875 0.35703125 0.0578125 0.04375