0 0.54453125 0.1171875 0.075 0.08046875
0 0.66015625 0.30703125 0.0703125 0.0796875
0 0.5640625 0.2890625 0.05 0.0875
0 0.33359375 0.2703125 0.05703125 0.10625
0 0.165625 0.3578125 0.05078125 0.075
0 0.2125 0.359375 0.05390625 0.078125
0 0.12265625 0.4078125 0.05078125 0.0875
0 0.190625 0.4421875 0.075 0.08359375
0 0.2984375 0.41328125 0.071875 0.0765625
0 0.2203125 0.54921875 0.05078125 0.1
0 0.17109375 0.63203125 0.0375 0.09375
0 0.65390625 0.840625 0.1078125 0.12265625
0 0.65 0.50234375 0.05 0.07421875
0 0.48125 0.371875 0.04140625 0.0640625
0 0.4265625 0.1734375 0.06484375 0.05703125
0 0.4296875 0.2609375 0.08984375 0.05
0 0.40390625 0.40078125 0.0609375 0.08515625
0 0.3578125 0.51953125 0.0953125 0.040625
0 0.3390625 0.5625 0.0578125 0.065625
0 0.2921875 0.34921875 0.04453125 0.06796875
0 0.328125 0.34296875 0.05234375 0.0671875
0 0.5265625 0.2015625 0.0578125 0.05703125
0 0.45234375 0.3125 0.06953125 0.0484375
0 0.3953125 0.340625 0.053125 0.03671875