0 0.321875 0.3078125 0.0640625 0.0609375
0 0.3375 0.36171875 0.0671875 0.0515625
0 0.37734375 0.40703125 0.0546875 0.065625
0 0.48359375 0.37890625 0.0625 0.071875
0 0.71015625 0.25625 0.0734375 0.0625
0 0.828125 0.2203125 0.090625 0.084375
0 0.6703125 0.18984375 0.08125 0.0703125
0 0.665625 0.44765625 0.0640625 0.0546875
0 0.93359375 0.5140625 0.0765625 0.059375
0 0.92421875 0.5921875 0.1 0.08125
0 0.97265625 0.72265625 0.0421875 0.0921875
0 0.72109375 0.63125 0.08125 0.04375
0 0.68671875 0.60625 0.0796875 0.0609375
0 0.5734375 0.6140625 0.0765625 0.05
0 0.55390625 0.7140625 0.0875 0.0734375
0 0.47734375 0.584375 0.0734375 0.04375
0 0.45390625 0.5625 0.0734375 0.05
0 0.4296875 0.5078125 0.0640625 0.0515625
0 0.453125 0.46640625 0.0609375 0.0328125
0 0.47109375 0.48984375 0.071875 0.028125
0 0.42421875 0.43125 0.046875 0.0890625
0 0.54765625 0.5390625 0.065625 0.0765625
0 0.55703125 0.45078125 0.05625 0.0609375
0 0.5875 0.403125 0.0546875 0.0484375
0 0.6125 0.51015625 0.065625 0.0890625
0 0.475 0.6515625 0.0828125 0.065625