0 0.6859375 0.315625 0.06015625 0.06328125
0 0.6328125 0.3328125 0.04921875 0.065625
0 0.58828125 0.37421875 0.0640625 0.053125
0 0.6203125 0.4796875 0.0703125 0.06015625
0 0.75078125 0.7015625 0.059375 0.07265625
0 0.790625 0.81796875 0.08203125 0.08828125
0 0.815625 0.659375 0.0671875 0.0796875
0 0.5578125 0.6640625 0.05234375 0.06171875
0 0.50078125 0.93359375 0.05703125 0.075
0 0.42265625 0.92734375 0.07890625 0.09765625
0 0.29375 0.98046875 0.090625 0.0390625
0 0.3765625 0.72578125 0.040625 0.0796875
0 0.4 0.690625 0.0578125 0.07890625
0 0.38828125 0.57734375 0.04609375 0.07421875
0 0.28828125 0.56171875 0.0703125 0.084375
0 0.41484375 0.48046875 0.03984375 0.07265625
0 0.4359375 0.45625 0.04609375 0.07109375
0 0.48984375 0.4296875 0.04921875 0.06328125
0 0.53203125 0.45234375 0.03203125 0.06015625
0 0.509375 0.47109375 0.02578125 0.0703125
0 0.56640625 0.421875 0.08671875 0.04296875
0 0.4625 0.54921875 0.075 0.06171875
0 0.5515625 0.55546875 0.059375 0.0546875
0 0.6 0.584375 0.04765625 0.053125
0 0.49375 0.6125 0.08671875 0.06328125
0 0.34765625 0.48046875 0.06171875 0.08125