0 0.6671875 0.7015625 0.0671875 0.0640625
0 0.6546875 0.646875 0.0703125 0.05625
0 0.61796875 0.59921875 0.0578125 0.06875
0 0.509375 0.621875 0.065625 0.075
0 0.27734375 0.73203125 0.0765625 0.065625
0 0.1578125 0.76171875 0.09375 0.0890625
0 0.3140625 0.80078125 0.0859375 0.0734375
0 0.33125 0.54296875 0.0671875 0.0578125
0 0.06796875 0.46328125 0.0796875 0.0625
0 0.08125 0.3859375 0.103125 0.0859375
0 0.0390625 0.25234375 0.046875 0.09375
0 0.2859375 0.35703125 0.0828125 0.046875
0 0.31875 0.38359375 0.0828125 0.0640625
0 0.4328125 0.38203125 0.078125 0.053125
0 0.45703125 0.28359375 0.090625 0.078125
0 0.5265625 0.4171875 0.075 0.046875
0 0.54921875 0.43984375 0.075 0.053125
0 0.57109375 0.49609375 0.0671875 0.0546875
0 0.54453125 0.5359375 0.0625 0.0359375
0 0.528125 0.51171875 0.071875 0.03125
0 0.571875 0.57265625 0.0515625 0.090625
0 0.45390625 0.45859375 0.06875 0.0796875
0 0.440625 0.546875 0.059375 0.0640625
0 0.40703125 0.5921875 0.05625 0.0515625
0 0.38828125 0.48359375 0.0703125 0.0921875
0 0.5328125 0.35 0.0859375 0.06875