0 0.30234375 0.51015625 0.090625 0.08125
0 0.30859375 0.40625 0.075 0.065625
0 0.2734375 0.3484375 0.0765625 0.0734375
0 0.4125 0.3359375 0.08125 0.0625
0 0.4390625 0.421875 0.0578125 0.0625
0 0.48828125 0.42734375 0.078125 0.0640625
0 0.44296875 0.46171875 0.078125 0.0609375
0 0.3734375 0.45 0.0625 0.0734375
0 0.36875 0.51953125 0.0609375 0.0484375
0 0.48125 0.61875 0.05 0.0453125
0 0.4671875 0.54140625 0.078125 0.053125
0 0.51875 0.59453125 0.0640625 0.0484375
0 0.5328125 0.66875 0.0609375 0.053125
0 0.62421875 0.65703125 0.0734375 0.0953125
0 0.56796875 0.6390625 0.0734375 0.06875
0 0.55234375 0.60859375 0.06875 0.0765625
0 0.55 0.5515625 0.0734375 0.059375
0 0.5703125 0.50546875 0.0734375 0.059375
0 0.6109375 0.55703125 0.06875 0.0796875
0 0.62265625 0.48125 0.0671875 0.0890625
0 0.71796875 0.58984375 0.075 0.071875
0 0.4796875 0.49453125 0.0765625 0.053125
0 0.41640625 0.52265625 0.046875 0.0515625
0 0.95859375 0.72109375 0.0765625 0.0890625
0 0.92421875 0.4015625 0.08125 0.078125