0 0.30234375 0.4828125 0.0828125 0.071875
0 0.3234375 0.38046875 0.06875 0.0578125
0 0.296875 0.31875 0.06875 0.065625
0 0.4359375 0.325 0.075 0.053125
0 0.45 0.4140625 0.0515625 0.05625
0 0.4984375 0.4265625 0.0734375 0.05625
0 0.44921875 0.45390625 0.071875 0.053125
0 0.38203125 0.4328125 0.0546875 0.06875
0 0.36796875 0.5015625 0.05625 0.0421875
0 0.46484375 0.615625 0.0453125 0.040625
0 0.46171875 0.5359375 0.075 0.04375
0 0.50546875 0.59609375 0.0609375 0.040625
0 0.50859375 0.671875 0.05625 0.046875
0 0.6015625 0.6734375 0.0640625 0.0890625
0 0.5484375 0.646875 0.0671875 0.0609375
0 0.53671875 0.6140625 0.0609375 0.0703125
0 0.5421875 0.55859375 0.0671875 0.0515625
0 0.56875 0.51484375 0.0671875 0.0515625
0 0.60234375 0.571875 0.0609375 0.0734375
0 0.6234375 0.4984375 0.05625 0.084375
0 0.703125 0.61953125 0.0671875 0.0640625
0 0.48046875 0.49140625 0.0734375 0.04375
0 0.4140625 0.5109375 0.040625 0.046875
0 0.9234375 0.7828125 0.0671875 0.0828125
0 0.984375 0.81015625 0.03125 0.0515625
0 0.934375 0.4609375 0.0734375 0.0703125