0 0.534375 0.3046875 0.065625 0.078125
0 0.634375 0.334375 0.05390625 0.0640625
0 0.6984375 0.31328125 0.0609375 0.0640625
0 0.6796875 0.4515625 0.04609375 0.07109375
0 0.58984375 0.4578125 0.053125 0.04609375
0 0.5734375 0.5046875 0.05078125 0.06796875
0 0.55 0.453125 0.04609375 0.06796875
0 0.57734375 0.38828125 0.0640625 0.05
0 0.51015625 0.36796875 0.03671875 0.05390625
0 0.38828125 0.4546875 0.03671875 0.0421875
0 0.4671875 0.45859375 0.03828125 0.07109375
0 0.40390625 0.496875 0.0359375 0.0578125
0 0.328125 0.49375 0.0421875 0.05390625
0 0.31875 0.5859375 0.084375 0.05625
0 0.34921875 0.53515625 0.05625 0.06171875
0 0.3828125 0.5265625 0.06484375 0.0546875
0 0.43828125 0.53671875 0.04609375 0.0640625
0 0.47890625 0.5671875 0.04765625 0.0640625
0 0.41953125 0.5953125 0.06875 0.0546875
0 0.490625 0.6234375 0.0796875 0.05078125
0 0.36328125 0.6921875 0.06015625 0.06328125
0 0.51015625 0.48125 0.03671875 0.0703125
0 0.496875 0.41328125 0.04375 0.03828125
0 0.18125 0.896875 0.07734375 0.0609375
0 0.146875 0.97109375 0.046875 0.0578125
0 0.50078125 0.9359375 0.0640625 0.06796875