0 0.74609375 0.409375 0.096875 0.0796875
0 0.57734375 0.371875 0.071875 0.0890625
0 0.49296875 0.2265625 0.0890625 0.0765625
0 0.42109375 0.24453125 0.071875 0.0953125
0 0.575 0.51484375 0.065625 0.05625
0 0.52109375 0.5203125 0.0734375 0.065625
0 0.5140625 0.4046875 0.0890625 0.084375
0 0.45390625 0.46640625 0.075 0.0640625
0 0.3984375 0.40234375 0.0796875 0.0671875
0 0.40546875 0.33359375 0.0734375 0.0703125
0 0.36328125 0.25546875 0.0703125 0.0765625
0 0.3375 0.33203125 0.0953125 0.078125
0 0.0796875 0.4078125 0.096875 0.0734375
0 0.34140625 0.47890625 0.1046875 0.090625
0 0.49375 0.66796875 0.0671875 0.0796875
0 0.503125 0.59609375 0.075 0.0703125
0 0.559375 0.62578125 0.06875 0.0875
0 0.62578125 0.665625 0.0734375 0.0546875
0 0.63203125 0.71796875 0.071875 0.065625
0 0.5796875 0.9640625 0.078125 0.071875
0 0.5078125 0.821875 0.08125 0.090625
0 0.6171875 0.59921875 0.075 0.0734375