0 0.30859375 0.6796875 0.09375 0.0765625
0 0.47890625 0.6484375 0.06875 0.0859375
0 0.61328125 0.74921875 0.0875 0.0734375
0 0.67265625 0.7046875 0.0671875 0.09375
0 0.425 0.515625 0.0625 0.0546875
0 0.47265625 0.48984375 0.0703125 0.0625
0 0.52421875 0.59296875 0.0859375 0.08125
0 0.55546875 0.51328125 0.0734375 0.0609375
0 0.63203125 0.55078125 0.0765625 0.0640625
0 0.65234375 0.615625 0.071875 0.0671875
0 0.721875 0.671875 0.0671875 0.075
0 0.71484375 0.59140625 0.09375 0.075
0 0.9234375 0.4203125 0.0953125 0.06875
0 0.6546875 0.4578125 0.1015625 0.0859375
0 0.440625 0.34296875 0.0640625 0.078125
0 0.459375 0.4125 0.0734375 0.06875
0 0.39609375 0.40703125 0.065625 0.0859375
0 0.3203125 0.396875 0.071875 0.0515625
0 0.29375 0.35078125 0.06875 0.0625
0 0.2453125 0.103125 0.075 0.071875
0 0.3671875 0.20703125 0.078125 0.0890625
0 0.353125 0.4546875 0.071875 0.0703125