0 0.35625 0.28046875 0.06328125 0.08515625
0 0.3578125 0.453125 0.078125 0.05703125
0 0.23515625 0.56796875 0.0609375 0.078125
0 0.26875 0.634375 0.0859375 0.05390625
0 0.49765625 0.4234375 0.0453125 0.05703125
0 0.51484375 0.475 0.053125 0.06171875
0 0.40390625 0.5078125 0.06796875 0.07421875
0 0.47734375 0.55234375 0.05 0.06484375
0 0.42734375 0.62109375 0.053125 0.06796875
0 0.359375 0.6296875 0.0578125 0.06171875
0 0.2921875 0.68828125 0.065625 0.05625
0 0.37265625 0.69609375 0.0609375 0.084375
0 0.5046875 0.93046875 0.0546875 0.08671875
0 0.51484375 0.659375 0.071875 0.090625
0 0.66484375 0.46875 0.0703125 0.05234375
0 0.59296875 0.475 0.0578125 0.0640625
0 0.609375 0.4140625 0.078125 0.05234375
0 0.6328125 0.340625 0.03984375 0.065625
0 0.6828125 0.32265625 0.05234375 0.0609375
0 0.93515625 0.31796875 0.0609375 0.065625
0 0.81171875 0.4203125 0.07890625 0.06484375
0 0.5703125 0.36328125 0.0609375 0.06171875