0 0.184375 0.25625 0.1140625 0.0734375
0 0.0234375 0.19765625 0.046875 0.0859375
0 0.13828125 0.609375 0.078125 0.090625
0 0.16015625 0.37578125 0.084375 0.06875
0 0.259375 0.49921875 0.071875 0.08125
0 0.36484375 0.471875 0.08125 0.0828125
0 0.3671875 0.3046875 0.08125 0.071875
0 0.415625 0.37578125 0.0828125 0.0734375
0 0.47890625 0.3875 0.071875 0.06875
0 0.484375 0.4515625 0.0734375 0.0640625
0 0.43359375 0.47578125 0.08125 0.0890625
0 0.5140625 0.49453125 0.0703125 0.0734375
0 0.48828125 0.559375 0.0875 0.1046875
0 0.58203125 0.50546875 0.065625 0.0625
0 0.71875 0.64609375 0.0609375 0.071875
0 0.69921875 0.56015625 0.1515625 0.0921875
0 0.6765625 0.59921875 0.0640625 0.0421875
0 0.64296875 0.621875 0.0640625 0.0515625
0 0.67265625 0.6625 0.0765625 0.0890625
0 0.12578125 0.534375 0.0796875 0.0734375
0 0.4578125 0.32421875 0.0671875 0.065625
0 0.5296875 0.40703125 0.0890625 0.0609375