0 0.20078125 0.76328125 0.0546875 0.10625
0 0.10625 0.940625 0.071875 0.08125
0 0.53828125 0.87578125 0.0796875 0.0640625
0 0.31328125 0.81015625 0.05625 0.07578125
0 0.453125 0.7359375 0.07265625 0.06015625
0 0.446875 0.62734375 0.0703125 0.06875
0 0.2828125 0.59296875 0.06015625 0.071875
0 0.36171875 0.559375 0.0609375 0.07109375
0 0.38515625 0.49921875 0.0578125 0.06171875
0 0.44921875 0.50625 0.05234375 0.0640625
0 0.46328125 0.56015625 0.07734375 0.0671875
0 0.49765625 0.48515625 0.0640625 0.06015625
0 0.55625 0.52265625 0.09375 0.0703125
0 0.52109375 0.4203125 0.05390625 0.05703125
0 0.68515625 0.31328125 0.0640625 0.04921875
0 0.596875 0.315625 0.06484375 0.1421875
0 0.63125 0.3453125 0.03125 0.06015625
0 0.646875 0.3828125 0.040625 0.0578125
0 0.6921875 0.36171875 0.078125 0.06328125
0 0.4625 0.87421875 0.0609375 0.06875
0 0.31953125 0.5078125 0.05703125 0.0578125
0 0.4140625 0.453125 0.04765625 0.08125