0 0.14609375 0.6828125 0.078125 0.115625
0 0.028125 0.83125 0.05625 0.096875
0 0.44609375 0.87421875 0.0921875 0.08125
0 0.24375 0.75546875 0.0734375 0.0859375
0 0.39765625 0.71796875 0.084375 0.075
0 0.41796875 0.6109375 0.084375 0.084375
0 0.26640625 0.5375 0.075 0.084375
0 0.3515625 0.52421875 0.0765625 0.084375
0 0.3890625 0.47109375 0.071875 0.075
0 0.44921875 0.49375 0.0671875 0.075
0 0.45 0.54921875 0.0921875 0.084375
0 0.5015625 0.48515625 0.0765625 0.0734375
0 0.54921875 0.5359375 0.1078125 0.090625
0 0.53984375 0.428125 0.065625 0.0671875
0 0.725 0.36328125 0.075 0.0640625
0 0.63828125 0.34453125 0.0984375 0.153125
0 0.66484375 0.38203125 0.0453125 0.065625
0 0.67109375 0.421875 0.053125 0.065625
0 0.7203125 0.4125 0.090625 0.0796875
0 0.3734375 0.85390625 0.075 0.08125
0 0.32265625 0.4640625 0.06875 0.0703125
0 0.428125 0.43359375 0.065625 0.090625