0 0.478125 0.2359375 0.065625 0.0671875
0 0.534375 0.3109375 0.0515625 0.0578125
0 0.484375 0.2828125 0.0875 0.078125
0 0.4046875 0.29609375 0.059375 0.0859375
0 0.41953125 0.35078125 0.0734375 0.075
0 0.44765625 0.39453125 0.0703125 0.0734375
0 0.36328125 0.4453125 0.065625 0.08125
0 0.22265625 0.43671875 0.065625 0.084375
0 0.246875 0.5125 0.0796875 0.1078125
0 0.18515625 0.67578125 0.084375 0.0890625
0 0.15546875 0.415625 0.046875 0.0671875
0 0.11484375 0.4546875 0.05 0.078125
0 0.08984375 0.39140625 0.0765625 0.096875
0 0.1953125 0.2125 0.06875 0.084375
0 0.5203125 0.6609375 0.075 0.065625
0 0.53046875 0.76171875 0.0765625 0.0875
0 0.58203125 0.728125 0.0765625 0.103125
0 0.6390625 0.7265625 0.0640625 0.0640625
0 0.678125 0.62734375 0.0796875 0.0765625
0 0.621875 0.57265625 0.0578125 0.071875
0 0.62265625 0.5125 0.0640625 0.05625
0 0.56328125 0.4703125 0.06875 0.0625
0 0.615625 0.38359375 0.071875 0.0796875
0 0.59375 0.44375 0.0421875 0.0359375
0 0.5171875 0.50703125 0.0796875 0.0734375
0 0.53515625 0.60234375 0.05625 0.059375
0 0.50390625 0.5625 0.071875 0.071875
0 0.425 0.56015625 0.0625 0.05
0 0.45703125 0.4625 0.065625 0.0703125
0 0.509375 0.4046875 0.071875 0.059375
0 0.51796875 0.35078125 0.078125 0.05
0 0.01796875 0.77578125 0.0359375 0.0953125
0 0.0328125 0.38671875 0.05625 0.084375
0 0.60390625 0.625 0.065625 0.0609375
0 0.62109375 0.65625 0.0734375 0.0546875
0 0.621875 0.6890625 0.05 0.0609375