0 0.24765625 0.58046875 0.05703125 0.0546875
0 0.3078125 0.509375 0.05078125 0.03984375
0 0.2921875 0.5640625 0.06171875 0.07421875
0 0.32265625 0.6390625 0.07734375 0.0421875
0 0.37265625 0.61171875 0.06171875 0.0609375
0 0.409375 0.575 0.06171875 0.0578125
0 0.47734375 0.6453125 0.07265625 0.04921875
0 0.50078125 0.784375 0.07578125 0.05
0 0.56875 0.74375 0.096875 0.059375
0 0.7421875 0.7671875 0.07578125 0.06796875
0 0.4953125 0.8546875 0.0609375 0.03515625
0 0.5421875 0.88515625 0.07265625 0.03515625
0 0.48671875 0.92421875 0.0859375 0.059375
0 0.28828125 0.86171875 0.075 0.05390625
0 0.65234375 0.44375 0.05390625 0.0640625
0 0.7484375 0.41171875 0.075 0.0609375
0 0.70390625 0.36875 0.0921875 0.0578125
0 0.6890625 0.31328125 0.05390625 0.05234375
0 0.584375 0.29765625 0.06171875 0.0671875
0 0.54375 0.36484375 0.0640625 0.04375
0 0.484375 0.37734375 0.0453125 0.0546875
0 0.45703125 0.4453125 0.05 0.06015625
0 0.36015625 0.41328125 0.06875 0.0578125
0 0.42421875 0.42109375 0.02890625 0.03828125
0 0.503125 0.48125 0.06015625 0.06796875
0 0.5921875 0.44296875 0.04921875 0.04765625
0 0.56015625 0.48203125 0.059375 0.06015625
0 0.57578125 0.559375 0.0390625 0.0546875
0 0.4734375 0.55 0.059375 0.05234375
0 0.4046875 0.5125 0.04765625 0.06328125
0 0.35078125 0.51640625 0.03515625 0.07109375
0 0.884375 0.93515625 0.084375 0.05703125
0 0.49453125 0.98046875 0.07734375 0.0390625
0 0.5984375 0.3703125 0.05078125 0.05703125
0 0.625 0.346875 0.03984375 0.065625
0 0.65703125 0.33828125 0.05234375 0.0390625