0 0.2453125 0.571875 0.0578125 0.05625
0 0.3078125 0.50234375 0.0515625 0.0421875
0 0.28984375 0.55703125 0.065625 0.0765625
0 0.31796875 0.6328125 0.0796875 0.0453125
0 0.36875 0.60703125 0.0640625 0.0625
0 0.40703125 0.571875 0.0640625 0.059375
0 0.47265625 0.64453125 0.0734375 0.053125
0 0.490625 0.784375 0.0765625 0.053125
0 0.56015625 0.74609375 0.0984375 0.0625
0 0.7328125 0.77578125 0.078125 0.071875
0 0.4828125 0.8546875 0.0625 0.0359375
0 0.52890625 0.88671875 0.0734375 0.0375
0 0.471875 0.9234375 0.0875 0.0625
0 0.27578125 0.85390625 0.0765625 0.05625
0 0.65390625 0.44921875 0.0546875 0.065625
0 0.7515625 0.4203125 0.0765625 0.0640625
0 0.70859375 0.37578125 0.09375 0.0609375
0 0.6953125 0.3203125 0.0546875 0.0546875
0 0.59140625 0.30078125 0.0640625 0.06875
0 0.5484375 0.36640625 0.065625 0.0453125
0 0.48828125 0.3765625 0.046875 0.05625
0 0.45859375 0.44375 0.0515625 0.0609375
0 0.36328125 0.40859375 0.0703125 0.0609375
0 0.42734375 0.41875 0.0296875 0.0390625
0 0.50390625 0.48125 0.0625 0.0703125
0 0.59375 0.44609375 0.0515625 0.0484375
0 0.5609375 0.484375 0.0609375 0.0609375
0 0.5734375 0.56171875 0.040625 0.05625
0 0.471875 0.54921875 0.0609375 0.0546875
0 0.4046875 0.509375 0.0484375 0.0640625
0 0.35 0.5109375 0.0375 0.0734375
0 0.86875 0.9484375 0.0859375 0.059375
0 0.47734375 0.97890625 0.0796875 0.0421875
0 0.603125 0.3734375 0.0515625 0.0578125
0 0.63046875 0.3515625 0.0421875 0.0671875
0 0.6625 0.34375 0.0546875 0.040625