0 0.57109375 0.20078125 0.0953125 0.121875
0 0.81171875 0.13671875 0.084375 0.0859375
0 0.665625 0.28359375 0.05625 0.071875
0 0.63125 0.30390625 0.05625 0.071875
0 0.596875 0.340625 0.0734375 0.078125
0 0.63359375 0.4078125 0.0796875 0.0625
0 0.60234375 0.46875 0.0796875 0.06875
0 0.58125 0.415625 0.0640625 0.06875
0 0.54296875 0.37734375 0.046875 0.0625
0 0.490625 0.36875 0.0484375 0.071875
0 0.440625 0.34296875 0.0609375 0.0875
0 0.45390625 0.42578125 0.059375 0.0703125
0 0.5078125 0.47578125 0.0703125 0.0671875
0 0.5140625 0.428125 0.0578125 0.071875
0 0.3890625 0.471875 0.0515625 0.08125
0 0.33671875 0.50859375 0.0859375 0.0515625
0 0.32109375 0.54765625 0.08125 0.059375
0 0.2078125 0.67734375 0.1046875 0.0984375
0 0.4140625 0.6734375 0.090625 0.0734375
0 0.32734375 0.62890625 0.053125 0.0515625
0 0.33984375 0.5921875 0.0703125 0.059375
0 0.40078125 0.59140625 0.0609375 0.0765625
0 0.425 0.56640625 0.059375 0.0671875
0 0.41015625 0.5328125 0.0640625 0.0640625
0 0.490625 0.54609375 0.0578125 0.0609375
0 0.46640625 0.57421875 0.053125 0.065625
0 0.5 0.6109375 0.0890625 0.0671875
0 0.4375 0.7328125 0.0875 0.0609375
0 0.43671875 0.83359375 0.05625 0.075
0 0.6109375 0.89453125 0.053125 0.071875
0 0.66875 0.89375 0.0734375 0.0734375
0 0.5171875 0.69609375 0.0578125 0.0609375
0 0.465625 0.7046875 0.05625 0.0453125