0 0.690625 0.259375 0.103125 0.1265625
0 0.93671875 0.30234375 0.0890625 0.090625
0 0.74140625 0.37421875 0.0609375 0.075
0 0.7015625 0.378125 0.0609375 0.075
0 0.6546875 0.396875 0.078125 0.0828125
0 0.66015625 0.4734375 0.0828125 0.0671875
0 0.60625 0.51484375 0.0828125 0.0734375
0 0.609375 0.4578125 0.06875 0.071875
0 0.590625 0.40703125 0.05 0.0640625
0 0.546875 0.3765625 0.053125 0.0734375
0 0.5125 0.3328125 0.065625 0.090625
0 0.4890625 0.41328125 0.0640625 0.0734375
0 0.5171875 0.48125 0.0734375 0.071875
0 0.54296875 0.44140625 0.0625 0.0734375
0 0.4109375 0.42734375 0.0578125 0.0828125
0 0.3484375 0.43828125 0.0875 0.0578125
0 0.31796875 0.4671875 0.084375 0.0640625
0 0.16015625 0.5375 0.1109375 0.1046875
0 0.34921875 0.6203125 0.09375 0.0796875
0 0.2890625 0.54375 0.05625 0.0546875
0 0.31640625 0.51640625 0.0734375 0.0640625
0 0.371875 0.540625 0.065625 0.0796875
0 0.40390625 0.52890625 0.0640625 0.0703125
0 0.40546875 0.49140625 0.0671875 0.0671875
0 0.471875 0.5375 0.0625 0.0640625
0 0.43828125 0.553125 0.0578125 0.06875
0 0.453125 0.60078125 0.0921875 0.071875
0 0.34453125 0.68515625 0.090625 0.065625
0 0.3015625 0.775 0.0609375 0.078125
0 0.43359375 0.9046875 0.0578125 0.075
0 0.48671875 0.928125 0.078125 0.0765625
0 0.4328125 0.68515625 0.0625 0.0640625
0 0.38203125 0.6703125 0.0578125 0.0484375