0 0.621875 0.21796875 0.078125 0.11015625
0 0.8703125 0.19609375 0.07265625 0.07421875
0 0.70078125 0.315625 0.0453125 0.06484375
0 0.66328125 0.3296875 0.0453125 0.065625
0 0.62265625 0.36015625 0.06328125 0.06875
0 0.64765625 0.4328125 0.071875 0.05
0 0.60625 0.48671875 0.0703125 0.0578125
0 0.59453125 0.43125 0.0546875 0.059375
0 0.56328125 0.38671875 0.03828125 0.05703125
0 0.51328125 0.36875 0.03671875 0.06484375
0 0.46875 0.33515625 0.04609375 0.08125
0 0.4671875 0.41875 0.05078125 0.06171875
0 0.51171875 0.47734375 0.0609375 0.0578125
0 0.5265625 0.43203125 0.046875 0.0640625
0 0.3953125 0.453125 0.0390625 0.07578125
0 0.3375 0.4796875 0.08125 0.03671875
0 0.315625 0.515625 0.07578125 0.04765625
0 0.18125 0.62421875 0.0921875 0.08515625
0 0.38515625 0.65546875 0.08203125 0.0609375
0 0.3078125 0.596875 0.046875 0.04296875
0 0.3265625 0.56328125 0.06328125 0.04921875
0 0.38671875 0.57265625 0.05078125 0.06875
0 0.41484375 0.55234375 0.05078125 0.059375
0 0.40625 0.51640625 0.0546875 0.0546875
0 0.4828125 0.54375 0.05 0.05390625
0 0.45390625 0.5671875 0.04375 0.06015625
0 0.48046875 0.609375 0.08125 0.05234375
0 0.39765625 0.71875 0.08125 0.046875
0 0.3796875 0.8171875 0.0453125 0.06875
0 0.540625 0.9078125 0.0421875 0.065625
0 0.59765625 0.9171875 0.0640625 0.06171875
0 0.4828125 0.69609375 0.05078125 0.05234375
0 0.43046875 0.6953125 0.05078125 0.03671875