0 0.69453125 0.54609375 0.075 0.08125
0 0.7171875 0.79921875 0.0875 0.0765625
0 0.625 0.815625 0.0671875 0.08125
0 0.66328125 0.75390625 0.0640625 0.0671875
0 0.64765625 0.69140625 0.05625 0.0671875
0 0.6078125 0.65859375 0.071875 0.0484375
0 0.6140625 0.73984375 0.0703125 0.059375
0 0.45859375 0.625 0.096875 0.1
0 0.0359375 0.696875 0.071875 0.065625
0 0.16484375 0.4859375 0.0609375 0.078125
0 0.07109375 0.46328125 0.0609375 0.08125
0 0.20703125 0.27578125 0.053125 0.0671875
0 0.1484375 0.234375 0.0703125 0.05625
0 0.36875 0.4546875 0.065625 0.0828125
0 0.41171875 0.7890625 0.08125 0.075
0 0.60859375 0.57109375 0.0859375 0.059375
0 0.565625 0.559375 0.05 0.059375
0 0.503125 0.50859375 0.078125 0.0515625
0 0.5546875 0.503125 0.0640625 0.046875
0 0.521875 0.45390625 0.071875 0.0625
0 0.4796875 0.42890625 0.078125 0.0796875
0 0.58203125 0.38828125 0.0875 0.0796875
0 0.52578125 0.34375 0.0703125 0.0484375
0 0.44765625 0.253125 0.0734375 0.0625
0 0.434375 0.3296875 0.071875 0.084375
0 0.5171875 0.3984375 0.0625 0.0453125
0 0.61328125 0.48828125 0.071875 0.0671875