0 0.11640625 0.54140625 0.1125 0.078125
0 0.36796875 0.6171875 0.096875 0.059375
0 0.40859375 0.50390625 0.0875 0.05
0 0.53203125 0.42578125 0.0953125 0.0328125
0 0.740625 0.26953125 0.078125 0.0375
0 0.70625 0.30234375 0.053125 0.040625
0 0.69375 0.328125 0.0578125 0.0296875
0 0.675 0.36328125 0.059375 0.0375
0 0.70546875 0.42421875 0.0765625 0.059375
0 0.603125 0.39140625 0.0515625 0.0421875
0 0.39765625 0.93359375 0.08125 0.0578125
0 0.42734375 0.86953125 0.084375 0.071875
0 0.71484375 0.9671875 0.0875 0.05
0 0.740625 0.75859375 0.0515625 0.0609375
0 0.63515625 0.6265625 0.053125 0.06875
0 0.60234375 0.67734375 0.03125 0.075
0 0.49140625 0.659375 0.046875 0.05625
0 0.51015625 0.58984375 0.03125 0.065625
0 0.53984375 0.62578125 0.028125 0.071875
0 0.578125 0.59765625 0.046875 0.04375
0 0.5921875 0.534375 0.04375 0.0625
0 0.5359375 0.5375 0.0359375 0.05625
0 0.54609375 0.4609375 0.06875 0.0375
0 0.621875 0.5109375 0.0609375 0.06875
0 0.74140625 0.63125 0.04375 0.0734375
0 0.96484375 0.43203125 0.05625 0.0625
0 0.5640625 0.66328125 0.040625 0.071875