0 0.55625 0.30859375 0.084375 0.078125
0 0.81015625 0.2984375 0.0796875 0.090625
0 0.821875 0.3921875 0.08125 0.0703125
0 0.76171875 0.35 0.06875 0.065625
0 0.6984375 0.3625 0.06875 0.0578125
0 0.6640625 0.40078125 0.0515625 0.0734375
0 0.7453125 0.3984375 0.0625 0.071875
0 0.62265625 0.54765625 0.103125 0.1
0 0.671875 0.96796875 0.06875 0.0640625
0 0.46796875 0.834375 0.08125 0.0640625
0 0.44140625 0.9265625 0.084375 0.0640625
0 0.2609375 0.78046875 0.06875 0.0546875
0 0.21640625 0.8375 0.059375 0.071875
0 0.44765625 0.62890625 0.084375 0.06875
0 0.78359375 0.603125 0.078125 0.084375
0 0.5765625 0.39453125 0.0625 0.0875
0 0.5625 0.4375 0.0609375 0.0515625
0 0.50859375 0.496875 0.0546875 0.078125
0 0.50625 0.4453125 0.0484375 0.065625
0 0.4546875 0.47578125 0.065625 0.0734375
0 0.428125 0.51640625 0.0828125 0.0796875
0 0.3921875 0.4125 0.0828125 0.090625
0 0.3453125 0.46640625 0.0515625 0.071875
0 0.25 0.53984375 0.065625 0.075
0 0.3265625 0.55625 0.0859375 0.075
0 0.39921875 0.478125 0.0484375 0.0640625
0 0.49375 0.3859375 0.0703125 0.075