0 0.45859375 0.11640625 0.07890625 0.11328125
0 0.3828125 0.36796875 0.05859375 0.096875
0 0.49609375 0.40859375 0.05 0.0875
0 0.57421875 0.53203125 0.0328125 0.0953125
0 0.73046875 0.740625 0.0375 0.078125
0 0.69765625 0.70625 0.03984375 0.05390625
0 0.671875 0.69375 0.0296875 0.0578125
0 0.63671875 0.675 0.03828125 0.06015625
0 0.57578125 0.70546875 0.05859375 0.0765625
0 0.60859375 0.603125 0.0421875 0.0515625
0 0.06640625 0.39765625 0.0578125 0.08125
0 0.13046875 0.42734375 0.07109375 0.084375
0 0.0328125 0.71484375 0.05078125 0.08828125
0 0.24140625 0.740625 0.0609375 0.0515625
0 0.3734375 0.63515625 0.06875 0.053125
0 0.32265625 0.60234375 0.07578125 0.03125
0 0.340625 0.49140625 0.05625 0.04609375
0 0.41015625 0.51015625 0.06484375 0.03046875
0 0.37421875 0.53984375 0.07265625 0.02890625
0 0.40234375 0.578125 0.04375 0.04765625
0 0.465625 0.5921875 0.06328125 0.04296875
0 0.4625 0.5359375 0.05703125 0.0359375
0 0.5390625 0.54609375 0.0375 0.06796875
0 0.4890625 0.621875 0.06953125 0.0609375
0 0.36875 0.74140625 0.0734375 0.04296875
0 0.56796875 0.96484375 0.0625 0.05703125
0 0.33671875 0.5640625 0.07109375 0.040625