0 0.51484375 0.30078125 0.07265625 0.0640625
0 0.76171875 0.23828125 0.06484375 0.07890625
0 0.7921875 0.32734375 0.07265625 0.05703125
0 0.725 0.29921875 0.06015625 0.0546875
0 0.665625 0.32421875 0.0609375 0.046875
0 0.63984375 0.36875 0.0390625 0.0671875
0 0.71875 0.35 0.05 0.06171875
0 0.6296875 0.52109375 0.08828125 0.084375
0 0.7671875 0.928125 0.05703125 0.065625
0 0.53828125 0.83359375 0.07109375 0.04921875
0 0.53125 0.9296875 0.075 0.05078125
0 0.32421875 0.82421875 0.0609375 0.04375
0 0.29296875 0.8890625 0.04609375 0.0640625
0 0.47578125 0.63671875 0.07578125 0.0546875
0 0.79921875 0.5421875 0.0640625 0.07265625
0 0.553125 0.38125 0.04609375 0.0796875
0 0.5484375 0.42578125 0.053125 0.0421875
0 0.5078125 0.4953125 0.03984375 0.071875
0 0.49453125 0.4453125 0.03671875 0.059375
0 0.45078125 0.4859375 0.05234375 0.0640625
0 0.4328125 0.53125 0.0703125 0.0671875
0 0.3765625 0.43671875 0.06875 0.07734375
0 0.34140625 0.49921875 0.0390625 0.06484375
0 0.2640625 0.590625 0.05234375 0.06484375
0 0.3421875 0.59140625 0.07578125 0.0609375
0 0.396875 0.49921875 0.03671875 0.0578125
0 0.4703125 0.38984375 0.0578125 0.0640625