0 0.11484375 0.48125 0.1234375 0.0953125
0 0.3515625 0.5953125 0.1046875 0.0734375
0 0.409375 0.48984375 0.09375 0.0625
0 0.54296875 0.43203125 0.1 0.046875
0 0.7734375 0.31015625 0.0828125 0.05
0 0.734375 0.33671875 0.059375 0.0484375
0 0.71796875 0.3609375 0.0625 0.0390625
0 0.69453125 0.3921875 0.0640625 0.046875
0 0.71484375 0.45703125 0.084375 0.0703125
0 0.61875 0.40859375 0.0578125 0.05
0 0.33125 0.9125 0.0890625 0.0703125
0 0.3703125 0.85390625 0.0953125 0.084375
0 0.6390625 0.98203125 0.09375 0.0359375
0 0.696875 0.79296875 0.0609375 0.06875
0 0.6140625 0.64609375 0.0625 0.0765625
0 0.5734375 0.69140625 0.0421875 0.0796875
0 0.46640625 0.65625 0.0546875 0.0625
0 0.49609375 0.590625 0.040625 0.0703125
0 0.51953125 0.63046875 0.0390625 0.075
0 0.56171875 0.60859375 0.053125 0.05
0 0.5859375 0.5484375 0.053125 0.06875
0 0.5296875 0.54296875 0.04375 0.0609375
0 0.5515625 0.46875 0.0734375 0.0484375
0 0.61875 0.5296875 0.0703125 0.078125
0 0.71796875 0.6671875 0.0546875 0.0796875
0 0.96796875 0.50546875 0.0640625 0.0703125
0 0.5375 0.67109375 0.0515625 0.078125