0 0.3640625 0.44453125 0.0671875 0.09375
0 0.2453125 0.7546875 0.05703125 0.15078125
0 0.81875 0.86640625 0.07421875 0.12109375
0 0.5234375 0.50859375 0.08515625 0.12734375
0 0.57734375 0.4296875 0.07734375 0.08984375
0 0.4984375 0.37421875 0.040625 0.08984375
0 0.45390625 0.353125 0.0625 0.08671875
0 0.3984375 0.3046875 0.08046875 0.071875
0 0.48515625 0.26484375 0.0640625 0.090625
0 0.65078125 0.29609375 0.06796875 0.06640625
0 0.73515625 0.271875 0.065625 0.09375
0 0.765625 0.1015625 0.06796875 0.059375
0 0.6640625 0.08984375 0.04921875 0.09765625
0 0.57578125 0.2 0.040625 0.0828125
0 0.5390625 0.22890625 0.0453125 0.0703125
0 0.575 0.31875 0.04140625 0.09765625
0 0.7171875 0.61640625 0.0421875 0.12578125
0 0.78046875 0.5234375 0.06796875 0.07578125
0 0.9453125 0.54296875 0.05546875 0.11796875
0 0.94140625 0.2734375 0.1171875 0.09921875
0 0.85078125 0.3375 0.06796875 0.0609375
0 0.3953125 0.8671875 0.0671875 0.07578125
0 0.7140625 0.86484375 0.05546875 0.1125
0 0.45078125 0.6078125 0.08203125 0.08671875