0 0.42578125 0.6265625 0.1015625 0.0796875
0 0.71640625 0.7875 0.15625 0.0765625
0 0.90703125 0.23515625 0.13125 0.090625
0 0.51171875 0.478125 0.1390625 0.1015625
0 0.44140625 0.41328125 0.1 0.090625
0 0.375 0.484375 0.0953125 0.053125
0 0.3484375 0.525 0.0953125 0.0734375
0 0.2921875 0.5734375 0.0828125 0.090625
0 0.26484375 0.48203125 0.0984375 0.0765625
0 0.31875 0.32265625 0.075 0.0765625
0 0.30703125 0.23515625 0.1015625 0.078125
0 0.1421875 0.18125 0.06875 0.0765625
0 0.11640625 0.28046875 0.103125 0.0625
0 0.21328125 0.38359375 0.0875 0.0515625
0 0.23671875 0.4234375 0.0765625 0.0546875
0 0.33125 0.40078125 0.1015625 0.053125
0 0.6453125 0.30078125 0.1296875 0.059375
0 0.5625 0.22578125 0.084375 0.078125
0 0.6046875 0.06484375 0.125 0.071875
0 0.3359375 0.04765625 0.115625 0.0953125
0 0.38828125 0.1296875 0.0703125 0.0765625
0 0.84921875 0.6546875 0.084375 0.0765625
0 0.89140625 0.3390625 0.11875 0.071875
0 0.6 0.5640625 0.0984375 0.0921875