0 0.53359375 0.35703125 0.103125 0.08125
0 0.20859375 0.28828125 0.15625 0.0796875
0 0.18828125 0.871875 0.1328125 0.09375
0 0.4953125 0.52421875 0.1390625 0.103125
0 0.58125 0.565625 0.1015625 0.090625
0 0.62421875 0.47890625 0.0953125 0.0546875
0 0.6375 0.43125 0.096875 0.075
0 0.67734375 0.36875 0.084375 0.0921875
0 0.7296875 0.4484375 0.1 0.078125
0 0.725 0.6171875 0.075 0.078125
0 0.76171875 0.696875 0.103125 0.0796875
0 0.93515625 0.7 0.06875 0.0765625
0 0.93046875 0.59765625 0.103125 0.0640625
0 0.8078125 0.528125 0.0875 0.053125
0 0.77421875 0.49609375 0.0765625 0.05625
0 0.690625 0.54609375 0.1015625 0.0546875
0 0.41875 0.7328125 0.1296875 0.0609375
0 0.52109375 0.78046875 0.084375 0.0796875
0 0.52734375 0.946875 0.1265625 0.0734375
0 0.79296875 0.90078125 0.1171875 0.13125
0 0.715625 0.82109375 0.0703125 0.078125
0 0.12109375 0.45390625 0.084375 0.078125
0 0.1734375 0.76875 0.1203125 0.0734375
0 0.3859375 0.46796875 0.0984375 0.09375