0 0.25078125 0.43984375 0.1 0.084375
0 0.47265625 0.74140625 0.0609375 0.053125
0 0.48828125 0.6703125 0.0359375 0.0671875
0 0.46953125 0.61953125 0.05 0.0546875
0 0.51171875 0.6046875 0.0375 0.0703125
0 0.51875 0.68828125 0.0390625 0.065625
0 0.584375 0.78828125 0.096875 0.053125
0 0.6125 0.7234375 0.0421875 0.06875
0 0.571875 0.6953125 0.0390625 0.059375
0 0.571875 0.5953125 0.0421875 0.0765625
0 0.54140625 0.51796875 0.046875 0.0703125
0 0.6265625 0.346875 0.078125 0.071875
0 0.73984375 0.27734375 0.0703125 0.059375
0 0.71640625 0.32421875 0.0578125 0.04375
0 0.69765625 0.35625 0.0609375 0.0421875
0 0.71640625 0.42890625 0.075 0.053125
0 0.68671875 0.46953125 0.0484375 0.0640625
0 0.63671875 0.4671875 0.0625 0.040625
0 0.62421875 0.515625 0.0671875 0.06875
0 0.646875 0.65703125 0.075 0.071875
0 0.67421875 0.59140625 0.0578125 0.0453125
0 0.7734375 0.51640625 0.053125 0.090625
0 0.615625 0.56328125 0.065625 0.04375
0 0.54140625 0.45625 0.065625 0.071875
0 0.7921875 0.7515625 0.0453125 0.05
0 0.7296875 0.65703125 0.0484375 0.0640625