0 0.24375 0.496875 0.1109375 0.0984375
0 0.528125 0.74140625 0.06875 0.0625
0 0.52734375 0.66796875 0.046875 0.0703125
0 0.496875 0.6234375 0.0578125 0.0609375
0 0.53515625 0.59921875 0.046875 0.0734375
0 0.56015625 0.67890625 0.0484375 0.0703125
0 0.646875 0.76171875 0.103125 0.0671875
0 0.66015625 0.6921875 0.053125 0.0734375
0 0.6140625 0.67421875 0.0484375 0.0640625
0 0.59140625 0.5765625 0.053125 0.08125
0 0.54453125 0.5078125 0.05625 0.0765625
0 0.5890625 0.321875 0.0875 0.08125
0 0.68359375 0.22890625 0.078125 0.06875
0 0.67109375 0.2796875 0.0625 0.0515625
0 0.66015625 0.315625 0.065625 0.0515625
0 0.6953125 0.38203125 0.08125 0.0625
0 0.67578125 0.428125 0.0578125 0.0703125
0 0.62578125 0.4375 0.0671875 0.05
0 0.625 0.48671875 0.0765625 0.078125
0 0.678125 0.61953125 0.084375 0.08125
0 0.690625 0.55 0.0640625 0.053125
0 0.7703125 0.4546875 0.065625 0.096875
0 0.62734375 0.5359375 0.0703125 0.053125
0 0.53046875 0.44765625 0.075 0.08125
0 0.84140625 0.6796875 0.0515625 0.05625
0 0.759375 0.6015625 0.0578125 0.0703125