0 0.24921875 0.1625 0.09375 0.075
0 0.3609375 0.19765625 0.071875 0.0703125
0 0.41171875 0.171875 0.0625 0.075
0 0.5390625 0.653125 0.075 0.059375
0 0.6921875 0.65078125 0.078125 0.0671875
0 0.7390625 0.6140625 0.0734375 0.065625
0 0.7765625 0.50078125 0.0640625 0.0671875
0 0.8484375 0.47578125 0.0671875 0.059375
0 0.5796875 0.43046875 0.0828125 0.0671875
0 0.56328125 0.490625 0.075 0.059375
0 0.51875 0.54296875 0.071875 0.05625
0 0.63984375 0.51328125 0.059375 0.0546875
0 0.6328125 0.5890625 0.090625 0.0765625
0 0.37890625 0.54609375 0.090625 0.065625
0 0.403125 0.6015625 0.0609375 0.08125
0 0.45625 0.60078125 0.08125 0.0546875
0 0.43046875 0.43125 0.0796875 0.0640625
0 0.31875 0.40546875 0.0703125 0.0765625
0 0.3640625 0.415625 0.0578125 0.0640625
0 0.41328125 0.340625 0.0953125 0.0671875
0 0.35390625 0.31015625 0.0640625 0.05
0 0.31484375 0.24140625 0.0578125 0.0578125
0 0.3515625 0.26953125 0.046875 0.0453125
0 0.38203125 0.371875 0.0578125 0.0609375
0 0.428125 0.4859375 0.0609375 0.0546875
0 0.490625 0.47578125 0.071875 0.084375