0 0.5515625 0.24921875 0.08125 0.096875
0 0.2578125 0.48125 0.0515625 0.059375
0 0.3296875 0.49453125 0.06484375 0.034375
0 0.3796875 0.4734375 0.05234375 0.0484375
0 0.39609375 0.515625 0.06796875 0.034375
0 0.3125 0.525 0.0640625 0.03828125
0 0.21484375 0.59453125 0.05 0.0953125
0 0.28046875 0.6203125 0.0671875 0.03984375
0 0.30703125 0.57890625 0.0578125 0.03828125
0 0.40703125 0.575 0.07421875 0.0390625
0 0.48359375 0.5421875 0.06875 0.04453125
0 0.6578125 0.62109375 0.06953125 0.075
0 0.73125 0.73203125 0.05546875 0.06796875
0 0.68359375 0.71015625 0.0421875 0.05625
0 0.65078125 0.6921875 0.03984375 0.06015625
0 0.57890625 0.7140625 0.04921875 0.0734375
0 0.53671875 0.6859375 0.06171875 0.04609375
0 0.5375 0.63515625 0.0390625 0.0609375
0 0.4890625 0.625 0.0671875 0.06484375
0 0.3484375 0.65234375 0.06796875 0.07265625
0 0.41484375 0.67734375 0.04453125 0.05546875
0 0.49296875 0.77421875 0.0890625 0.04921875
0 0.440625 0.61796875 0.0421875 0.0640625
0 0.5453125 0.53984375 0.0703125 0.0625
0 0.25859375 0.80078125 0.0484375 0.04453125
0 0.35078125 0.73515625 0.06171875 0.04609375