0 0.2671875 0.15 0.0953125 0.078125
0 0.37734375 0.19140625 0.0734375 0.071875
0 0.42890625 0.16796875 0.065625 0.0765625
0 0.53125 0.65546875 0.078125 0.0625
0 0.68359375 0.66015625 0.08125 0.0703125
0 0.7328125 0.62578125 0.0765625 0.06875
0 0.7765625 0.515625 0.065625 0.06875
0 0.84921875 0.49453125 0.06875 0.0609375
0 0.58359375 0.434375 0.084375 0.0703125
0 0.56328125 0.49453125 0.078125 0.0625
0 0.51640625 0.54453125 0.0734375 0.059375
0 0.63828125 0.5203125 0.0609375 0.05625
0 0.628125 0.59609375 0.0921875 0.0796875
0 0.3765625 0.53984375 0.0921875 0.06875
0 0.39765625 0.596875 0.0640625 0.084375
0 0.45078125 0.5984375 0.0828125 0.0578125
0 0.43359375 0.42734375 0.08125 0.0671875
0 0.32421875 0.39609375 0.0734375 0.078125
0 0.36875 0.40859375 0.0609375 0.065625
0 0.42109375 0.3359375 0.096875 0.071875
0 0.3640625 0.30234375 0.065625 0.053125
0 0.32890625 0.23203125 0.059375 0.059375
0 0.3640625 0.26171875 0.0484375 0.046875
0 0.3890625 0.36640625 0.059375 0.0625
0 0.42890625 0.4828125 0.0625 0.0578125
0 0.49140625 0.475 0.075 0.0859375