0 0.79375 0.19921875 0.06171875 0.08515625
0 0.7765625 0.315625 0.0609375 0.06328125
0 0.81015625 0.36171875 0.0671875 0.05390625
0 0.3546875 0.5625 0.05 0.06875
0 0.38125 0.71328125 0.05625 0.0703125
0 0.425 0.75390625 0.05625 0.065625
0 0.5421875 0.7734375 0.06015625 0.0546875
0 0.578125 0.840625 0.05078125 0.059375
0 0.58125 0.56796875 0.05625 0.07578125
0 0.51875 0.5609375 0.05078125 0.06796875
0 0.46015625 0.525 0.046875 0.065625
0 0.50859375 0.63984375 0.046875 0.053125
0 0.4328125 0.6453125 0.0640625 0.08203125
0 0.43515625 0.3875 0.05390625 0.0828125
0 0.384375 0.4203125 0.07578125 0.04921875
0 0.39375 0.47265625 0.04375 0.075
0 0.55703125 0.4203125 0.05234375 0.07109375
0 0.56484375 0.30625 0.0671875 0.0609375
0 0.56171875 0.35234375 0.05625 0.05
0 0.64375 0.3890625 0.0546875 0.08828125
0 0.66484375 0.32578125 0.0421875 0.0578125
0 0.7265625 0.2765625 0.04921875 0.04921875
0 0.7046875 0.3171875 0.0390625 0.040625
0 0.6078125 0.36328125 0.053125 0.05
0 0.50234375 0.4265625 0.046875 0.0546875
0 0.52265625 0.48671875 0.07578125 0.0609375