0 0.16484375 0.25390625 0.07890625 0.0828125
0 0.42734375 0.2203125 0.03984375 0.09609375
0 0.4203125 0.47109375 0.07265625 0.071875
0 0.27578125 0.4796875 0.03515625 0.0640625
0 0.465625 0.3859375 0.05078125 0.084375
0 0.55546875 0.3734375 0.04765625 0.075
0 0.434375 0.284375 0.053125 0.075
0 0.3015625 0.2984375 0.065625 0.05625
0 0.3109375 0.4296875 0.06015625 0.0671875
0 0.17421875 0.61796875 0.0609375 0.09609375
0 0.17265625 0.80390625 0.07265625 0.08671875
0 0.1765625 0.8859375 0.053125 0.0921875
0 0.56640625 0.62734375 0.06640625 0.05546875
0 0.4296875 0.66328125 0.04296875 0.07890625
0 0.36015625 0.6625 0.07421875 0.059375
0 0.4703125 0.578125 0.0484375 0.075
0 0.75390625 0.53203125 0.07265625 0.0578125
0 0.840625 0.615625 0.07890625 0.06328125
0 0.53203125 0.29609375 0.0671875 0.03515625
0 0.484375 0.66953125 0.05703125 0.07890625
0 0.259375 0.6 0.04765625 0.07890625
0 0.26328125 0.38046875 0.04140625 0.0640625
0 0.4859375 0.215625 0.0375 0.06015625
0 0.51875 0.26171875 0.0625 0.034375
0 0.378125 0.31328125 0.04921875 0.05859375
0 0.30859375 0.36484375 0.0484375 0.05