0 0.20234375 0.209375 0.0890625 0.0921875
0 0.4671875 0.21328125 0.053125 0.1015625
0 0.425 0.46015625 0.08125 0.08125
0 0.28046875 0.4484375 0.0421875 0.06875
0 0.48203125 0.38203125 0.0609375 0.090625
0 0.57265625 0.38203125 0.05625 0.08125
0 0.46484375 0.27734375 0.0625 0.08125
0 0.33125 0.27265625 0.0734375 0.0640625
0 0.32265625 0.40390625 0.06875 0.075
0 0.1609375 0.57109375 0.0734375 0.1046875
0 0.13359375 0.75546875 0.0828125 0.096875
0 0.12578125 0.8375 0.065625 0.0984375
0 0.54765625 0.63515625 0.0734375 0.0640625
0 0.4078125 0.6515625 0.0546875 0.0828125
0 0.3390625 0.64140625 0.0828125 0.06875
0 0.459375 0.5734375 0.0578125 0.08125
0 0.746875 0.5671875 0.0796875 0.0671875
0 0.82109375 0.66171875 0.0859375 0.0734375
0 0.56015625 0.30234375 0.071875 0.04375
0 0.4609375 0.665625 0.0671875 0.0859375
0 0.24765625 0.565625 0.0578125 0.084375
0 0.28203125 0.3484375 0.0484375 0.06875
0 0.52578125 0.21640625 0.0453125 0.0640625
0 0.5515625 0.26640625 0.0671875 0.0421875
0 0.40546875 0.2984375 0.0578125 0.065625
0 0.32890625 0.33984375 0.0546875 0.05625