0 0.80078125 0.2125 0.0953125 0.090625
0 0.78828125 0.47734375 0.103125 0.05625
0 0.5421875 0.4265625 0.0828125 0.0828125
0 0.55859375 0.2828125 0.06875 0.0453125
0 0.61796875 0.4859375 0.0921875 0.0640625
0 0.61484375 0.5765625 0.08125 0.059375
0 0.7234375 0.47265625 0.0828125 0.065625
0 0.7328125 0.33984375 0.0671875 0.075
0 0.60234375 0.32578125 0.0765625 0.0703125
0 0.440625 0.15859375 0.10625 0.0765625
0 0.2578125 0.125 0.0984375 0.0859375
0 0.17578125 0.11484375 0.1 0.06875
0 0.36328125 0.54296875 0.0671875 0.075
0 0.3515625 0.40234375 0.084375 0.05625
0 0.3640625 0.334375 0.071875 0.084375
0 0.428125 0.45703125 0.0828125 0.0609375
0 0.42421875 0.74453125 0.06875 0.08125
0 0.32734375 0.815625 0.075 0.0875
0 0.6953125 0.5671875 0.0453125 0.071875
0 0.3359375 0.45546875 0.0859375 0.06875
0 0.44296875 0.2453125 0.084375 0.059375
0 0.65859375 0.2875 0.0703125 0.0515625
0 0.7828125 0.53515625 0.065625 0.046875
0 0.73125 0.56015625 0.0453125 0.0671875
0 0.7046875 0.4125 0.0671875 0.059375
0 0.66640625 0.33515625 0.0578125 0.05625