0 0.5578125 0.33984375 0.0734375 0.1
0 0.46171875 0.4265625 0.05546875 0.0984375
0 0.40546875 0.5015625 0.07578125 0.03828125
0 0.39140625 0.58203125 0.06015625 0.0640625
0 0.3828125 0.5484375 0.05546875 0.0359375
0 0.29765625 0.515625 0.0328125 0.078125
0 0.3359375 0.496875 0.0484375 0.07265625
0 0.165625 0.48359375 0.07421875 0.07734375
0 0.28671875 0.63828125 0.0578125 0.04375
0 0.4515625 0.6703125 0.075 0.0734375
0 0.340625 0.65859375 0.05234375 0.065625
0 0.57421875 0.8640625 0.0578125 0.0421875
0 0.72734375 0.7515625 0.04140625 0.0640625
0 0.83359375 0.75703125 0.0796875 0.0625
0 0.6953125 0.71015625 0.0734375 0.04375
0 0.55078125 0.55390625 0.06796875 0.08671875
0 0.46953125 0.53203125 0.0484375 0.0625
0 0.55703125 0.6578125 0.0546875 0.04375
0 0.48515625 0.62109375 0.08203125 0.05546875
0 0.60859375 0.7109375 0.025 0.06796875
0 0.590625 0.675 0.06328125 0.07109375
0 0.61328125 0.596875 0.0578125 0.06171875
0 0.65234375 0.6609375 0.05625 0.03984375