0 0.57734375 0.31796875 0.08203125 0.09609375
0 0.8484375 0.1859375 0.053125 0.05234375
0 0.79453125 0.240625 0.0671875 0.06015625
0 0.703125 0.30234375 0.06328125 0.040625
0 0.65390625 0.3296875 0.084375 0.053125
0 0.459375 0.39921875 0.053125 0.078125
0 0.50625 0.3921875 0.05 0.05234375
0 0.5640625 0.415625 0.0703125 0.0421875
0 0.56953125 0.46875 0.06328125 0.0671875
0 0.5328125 0.4890625 0.03984375 0.0703125
0 0.5046875 0.45546875 0.0453125 0.07890625
0 0.53046875 0.5921875 0.0671875 0.07578125
0 0.4578125 0.609375 0.0546875 0.07421875
0 0.40234375 0.59375 0.0421875 0.07578125
0 0.353125 0.578125 0.0359375 0.078125
0 0.28515625 0.6046875 0.0578125 0.06015625
0 0.31484375 0.5546875 0.0421875 0.071875
0 0.37421875 0.51640625 0.0421875 0.06328125
0 0.41875 0.49453125 0.04765625 0.05703125
0 0.37890625 0.459375 0.05390625 0.04296875
0 0.3265625 0.48984375 0.06875 0.0421875
0 0.26484375 0.54921875 0.0453125 0.040625
0 0.33515625 0.73515625 0.06875 0.0671875
0 0.4109375 0.759375 0.06796875 0.07890625
0 0.62421875 0.90078125 0.075 0.05625
0 0.45 0.51875 0.0640625 0.05703125