0 0.32734375 0.40390625 0.1046875 0.090625
0 0.22421875 0.1203125 0.0578125 0.0578125
0 0.27265625 0.1796875 0.065625 0.0734375
0 0.325 0.27734375 0.046875 0.065625
0 0.346875 0.32890625 0.0609375 0.0890625
0 0.3953125 0.5296875 0.0828125 0.0609375
0 0.39375 0.4828125 0.0578125 0.0546875
0 0.42265625 0.42734375 0.05 0.075
0 0.4765625 0.42734375 0.0734375 0.06875
0 0.4921875 0.46640625 0.0734375 0.0484375
0 0.45625 0.490625 0.0828125 0.053125
0 0.59453125 0.4796875 0.08125 0.075
0 0.6046875 0.553125 0.0796875 0.0625
0 0.5828125 0.60703125 0.0796875 0.05
0 0.5625 0.65390625 0.08125 0.04375
0 0.58203125 0.725 0.065625 0.0640625
0 0.53515625 0.68984375 0.0765625 0.05
0 0.503125 0.6265625 0.0671875 0.0484375
0 0.4859375 0.58046875 0.0609375 0.053125
0 0.446875 0.61640625 0.0484375 0.0578125
0 0.471875 0.67109375 0.0484375 0.0734375
0 0.52421875 0.7390625 0.0453125 0.05
0 0.71640625 0.68828125 0.0734375 0.075
0 0.7484375 0.615625 0.084375 0.0765625
0 0.91171875 0.41796875 0.0640625 0.08125
0 0.51328125 0.5515625 0.0625 0.0703125