0 0.33515625 0.45625 0.10625 0.08125
0 0.43046875 0.54453125 0.103125 0.0640625
0 0.51015625 0.59375 0.04375 0.078125
0 0.59140625 0.60078125 0.06875 0.0640625
0 0.55859375 0.6125 0.040625 0.059375
0 0.5328125 0.7 0.08125 0.0390625
0 0.5109375 0.6640625 0.0765625 0.0546875
0 0.5125 0.834375 0.084375 0.08125
0 0.65625 0.70078125 0.0484375 0.0609375
0 0.67421875 0.53359375 0.0796875 0.08125
0 0.671875 0.6453125 0.0703125 0.059375
0 0.85625 0.39453125 0.046875 0.0609375
0 0.73046875 0.2515625 0.0671875 0.0453125
0 0.72734375 0.1453125 0.06875 0.084375
0 0.6921875 0.2875 0.05 0.0765625
0 0.54921875 0.44453125 0.09375 0.0765625
0 0.534375 0.52734375 0.0671875 0.053125
0 0.65234375 0.4296875 0.0484375 0.0578125
0 0.621875 0.50390625 0.0625 0.0859375
0 0.70078125 0.3734375 0.0703125 0.03125
0 0.66640625 0.39453125 0.0765625 0.06875
0 0.58671875 0.37890625 0.0671875 0.0625
0 0.646875 0.334375 0.0453125 0.059375