0 0.334375 0.459375 0.1078125 0.0828125
0 0.43125 0.54609375 0.103125 0.065625
0 0.51171875 0.59375 0.0453125 0.078125
0 0.59296875 0.59921875 0.0703125 0.065625
0 0.56015625 0.61171875 0.0421875 0.059375
0 0.53671875 0.69921875 0.08125 0.040625
0 0.5140625 0.66328125 0.0765625 0.05625
0 0.51875 0.834375 0.0859375 0.0828125
0 0.66015625 0.69765625 0.05 0.0625
0 0.67421875 0.53046875 0.08125 0.0828125
0 0.67421875 0.6421875 0.0703125 0.059375
0 0.8546875 0.38828125 0.0484375 0.0625
0 0.7265625 0.24765625 0.0671875 0.046875
0 0.72109375 0.14140625 0.0703125 0.0859375
0 0.68828125 0.28359375 0.0515625 0.078125
0 0.5484375 0.44375 0.09375 0.078125
0 0.53515625 0.52734375 0.0671875 0.0546875
0 0.65078125 0.4265625 0.05 0.059375
0 0.621875 0.50234375 0.0640625 0.0859375
0 0.6984375 0.3703125 0.0703125 0.0328125
0 0.66484375 0.39140625 0.078125 0.0703125
0 0.584375 0.37734375 0.06875 0.0640625
0 0.64375 0.33203125 0.046875 0.0609375