0 0.56796875 0.3140625 0.0859375 0.1015625
0 0.83125 0.16796875 0.05625 0.05625
0 0.78046875 0.22578125 0.0703125 0.0625
0 0.6921875 0.2921875 0.0640625 0.04375
0 0.64453125 0.321875 0.0875 0.0578125
0 0.45390625 0.4015625 0.0578125 0.08125
0 0.50078125 0.3921875 0.053125 0.05625
0 0.559375 0.4125 0.071875 0.0453125
0 0.56796875 0.46484375 0.065625 0.0703125
0 0.53203125 0.4875 0.04375 0.071875
0 0.50234375 0.45546875 0.05 0.0796875
0 0.53515625 0.590625 0.0703125 0.078125
0 0.46328125 0.61171875 0.0578125 0.078125
0 0.40703125 0.5984375 0.0453125 0.0765625
0 0.35703125 0.5859375 0.040625 0.0796875
0 0.290625 0.615625 0.0609375 0.0625
0 0.31796875 0.5640625 0.0453125 0.0734375
0 0.375 0.52265625 0.0453125 0.0640625
0 0.41875 0.4984375 0.05 0.059375
0 0.3765625 0.465625 0.0546875 0.046875
0 0.3265625 0.49921875 0.0703125 0.0453125
0 0.26796875 0.56171875 0.046875 0.0421875
0 0.34765625 0.74375 0.071875 0.0703125
0 0.425 0.7640625 0.0734375 0.08125
0 0.6453125 0.89375 0.078125 0.059375
0 0.45078125 0.52109375 0.0671875 0.059375