0 0.234375 0.4703125 0.115625 0.071875
0 0.25234375 0.775 0.065625 0.08125
0 0.45390625 0.7265625 0.08125 0.096875
0 0.29609375 0.65859375 0.084375 0.0640625
0 0.36484375 0.65625 0.0640625 0.0671875
0 0.29765625 0.60546875 0.06875 0.0484375
0 0.33046875 0.57109375 0.06875 0.0546875
0 0.33984375 0.51484375 0.084375 0.0609375
0 0.4046875 0.51171875 0.0828125 0.0546875
0 0.43515625 0.54375 0.0703125 0.053125
0 0.4 0.59140625 0.0671875 0.059375
0 0.42578125 0.63984375 0.0734375 0.053125
0 0.759375 0.7015625 0.0625 0.071875
0 0.6921875 0.59453125 0.0671875 0.0828125
0 0.49375 0.4671875 0.05625 0.059375
0 0.5515625 0.53515625 0.0640625 0.08125
0 0.6109375 0.584375 0.0421875 0.065625
0 0.6453125 0.590625 0.0546875 0.0859375
0 0.68125 0.6609375 0.065625 0.0546875
0 0.72265625 0.68203125 0.05 0.0546875
0 0.69375 0.70234375 0.0515625 0.06875
0 0.63515625 0.6703125 0.053125 0.0734375
0 0.55546875 0.71796875 0.0453125 0.0640625
0 0.525 0.6859375 0.059375 0.053125
0 0.57265625 0.67265625 0.0796875 0.046875
0 0.56796875 0.63359375 0.046875 0.053125
0 0.5296875 0.62421875 0.05 0.053125
0 0.484375 0.62578125 0.053125 0.059375
0 0.378125 0.75234375 0.0796875 0.0671875
0 0.4953125 0.5234375 0.059375 0.05