0 0.21328125 0.59453125 0.1390625 0.05
0 0.2515625 0.309375 0.0609375 0.0984375
0 0.2921875 0.18828125 0.0546875 0.0796875
0 0.34921875 0.2921875 0.05625 0.0734375
0 0.30234375 0.31015625 0.0265625 0.075
0 0.32265625 0.35234375 0.0484375 0.0796875
0 0.896875 0.37578125 0.0546875 0.0796875
0 0.59140625 0.55 0.046875 0.071875
0 0.496875 0.403125 0.075 0.0453125
0 0.4140625 0.45234375 0.0421875 0.0625
0 0.43671875 0.51171875 0.05 0.0390625
0 0.48671875 0.49765625 0.0625 0.034375
0 0.46015625 0.46015625 0.0359375 0.065625
0 0.49921875 0.46484375 0.0453125 0.0671875
0 0.53515625 0.478125 0.0671875 0.059375
0 0.47578125 0.68125 0.0671875 0.0515625
0 0.55078125 0.70234375 0.0734375 0.0640625
0 0.5375 0.61171875 0.084375 0.0625
0 0.59765625 0.4203125 0.0484375 0.0765625