0 0.24140625 0.43359375 0.11015625 0.0578125
0 0.21640625 0.7375 0.05625 0.0734375
0 0.42265625 0.71796875 0.0703125 0.08828125
0 0.27578125 0.62890625 0.07890625 0.05234375
0 0.34453125 0.6359375 0.05546875 0.06015625
0 0.28515625 0.5765625 0.0640625 0.040625
0 0.321875 0.546875 0.06171875 0.04609375
0 0.3390625 0.4921875 0.07890625 0.05078125
0 0.40390625 0.4984375 0.07734375 0.04453125
0 0.4296875 0.534375 0.06640625 0.04453125
0 0.38828125 0.5765625 0.0609375 0.0515625
0 0.40703125 0.628125 0.06796875 0.04453125
0 0.72890625 0.7359375 0.05390625 0.06484375
0 0.67734375 0.6203125 0.0578125 0.075
0 0.4984375 0.46640625 0.05 0.053125
0 0.54609375 0.5421875 0.0546875 0.07421875
0 0.5984375 0.59921875 0.03515625 0.0609375
0 0.63125 0.61015625 0.04453125 0.08125
0 0.65703125 0.684375 0.05859375 0.046875
0 0.6953125 0.7109375 0.04375 0.0484375
0 0.6640625 0.72734375 0.04375 0.0640625
0 0.61015625 0.6875 0.04375 0.06953125
0 0.52421875 0.7234375 0.03671875 0.059375
0 0.49921875 0.6875 0.05390625 0.046875
0 0.54765625 0.68125 0.07578125 0.0375
0 0.5484375 0.64140625 0.03984375 0.0484375
0 0.51171875 0.62734375 0.04375 0.046875
0 0.4671875 0.62265625 0.04765625 0.053125
0 0.34453125 0.7328125 0.07265625 0.0578125
0 0.4921875 0.52265625 0.05234375 0.04375