0 0.38125 0.7390625 0.0796875 0.11875
0 0.6734375 0.8265625 0.0828125 0.0703125
0 0.696875 0.62109375 0.1 0.0875
0 0.5796875 0.74609375 0.06875 0.0875
0 0.60078125 0.68046875 0.0703125 0.0671875
0 0.53046875 0.72578125 0.053125 0.071875
0 0.50859375 0.68359375 0.059375 0.0703125
0 0.45859375 0.65546875 0.065625 0.0875
0 0.478125 0.59375 0.059375 0.0859375
0 0.51875 0.57578125 0.05625 0.0734375
0 0.5515625 0.625 0.0625 0.0703125
0 0.60625 0.6171875 0.0578125 0.0765625
0 0.778125 0.325 0.075 0.065625
0 0.6546875 0.3515625 0.0859375 0.071875
0 0.4671875 0.49453125 0.0625 0.059375
0 0.55078125 0.4640625 0.084375 0.06875
0 0.6171875 0.42421875 0.0671875 0.046875
0 0.63515625 0.39453125 0.0890625 0.059375
0 0.71328125 0.384375 0.0578125 0.0671875
0 0.746875 0.353125 0.05625 0.053125
0 0.75625 0.38671875 0.071875 0.05625
0 0.70625 0.43125 0.0765625 0.0578125
0 0.7234375 0.52265625 0.065625 0.0484375
0 0.68359375 0.53984375 0.05625 0.0609375
0 0.6875 0.49140625 0.0515625 0.08125
0 0.6484375 0.48203125 0.05625 0.05
0 0.62734375 0.51484375 0.0546875 0.053125
0 0.61328125 0.5578125 0.0609375 0.05625
0 0.6953125 0.70078125 0.071875 0.0828125
0 0.5203125 0.5125 0.053125 0.0609375