0 0.615625 0.06328125 0.0578125 0.09375
0 0.80390625 0.39765625 0.07578125 0.10703125
0 0.68984375 0.7234375 0.09453125 0.1140625
0 0.684375 0.66328125 0.07265625 0.1
0 0.51171875 0.76484375 0.059375 0.0921875
0 0.3921875 0.703125 0.0578125 0.11640625
0 0.2359375 0.60390625 0.078125 0.10859375
0 0.3125 0.9640625 0.05078125 0.07109375
0 0.26875 0.47734375 0.0734375 0.065625
0 0.1390625 0.3828125 0.04765625 0.09921875
0 0.196875 0.39609375 0.06171875 0.0859375
0 0.30859375 0.3671875 0.05625 0.0734375
0 0.384375 0.33984375 0.0625 0.0640625
0 0.3296875 0.29140625 0.06484375 0.05859375
0 0.3828125 0.29140625 0.06796875 0.04296875
0 0.3421875 0.24453125 0.07265625 0.05234375
0 0.43515625 0.215625 0.053125 0.05859375
0 0.16953125 0.29375 0.0578125 0.07890625
0 0.26953125 0.1984375 0.06796875 0.05390625
0 0.23984375 0.2484375 0.0578125 0.04140625
0 0.16171875 0.22734375 0.0734375 0.05625
0 0.34921875 0.12734375 0.0359375 0.08828125
0 0.53125 0.3875 0.0328125 0.0921875
0 0.51953125 0.60390625 0.07109375 0.06796875
0 0.43203125 0.4921875 0.0375 0.084375
0 0.296875 0.440625 0.05859375 0.0640625
0 0.2078125 0.80625 0.0703125 0.08125