0 0.5140625 0.05 0.078125 0.1
0 0.7734375 0.33203125 0.096875 0.1203125
0 0.73515625 0.675 0.1171875 0.1328125
0 0.71640625 0.61796875 0.0921875 0.1140625
0 0.57109375 0.75546875 0.078125 0.103125
0 0.440625 0.721875 0.0828125 0.125
0 0.26640625 0.6609375 0.1 0.1234375
0 0.421875 0.9765625 0.065625 0.046875
0 0.26953125 0.5296875 0.0859375 0.0796875
0 0.121875 0.4671875 0.06875 0.1078125
0 0.18125 0.4671875 0.0796875 0.0984375
0 0.28359375 0.41328125 0.071875 0.084375
0 0.3515625 0.3703125 0.075 0.0765625
0 0.2875 0.33515625 0.0765625 0.071875
0 0.3390625 0.3234375 0.0765625 0.0578125
0 0.2890625 0.28671875 0.08125 0.0671875
0 0.37265625 0.2375 0.065625 0.0703125
0 0.13125 0.3734375 0.0734375 0.0890625
0 0.2078125 0.2578125 0.0796875 0.0671875
0 0.18984375 0.31328125 0.065625 0.053125
0 0.109375 0.31015625 0.084375 0.071875
0 0.26953125 0.17109375 0.0546875 0.09375
0 0.50546875 0.38359375 0.053125 0.096875
0 0.5421875 0.596875 0.0859375 0.0828125
0 0.43203125 0.5078125 0.05625 0.090625
0 0.2890625 0.4875 0.071875 0.075
0 0.284375 0.8640625 0.0875 0.0953125