0 0.390625 0.21875 0.05625 0.140625
0 0.67734375 0.24140625 0.1 0.065625
0 0.80078125 0.27578125 0.08125 0.0578125
0 0.69921875 0.3390625 0.075 0.059375
0 0.67890625 0.2921875 0.0765625 0.0296875
0 0.63828125 0.31484375 0.08125 0.0515625
0 0.64453125 0.88984375 0.08125 0.0578125
0 0.4546875 0.59375 0.075 0.05
0 0.596875 0.49140625 0.0484375 0.078125
0 0.54296875 0.41171875 0.065625 0.0453125
0 0.484375 0.4375 0.040625 0.053125
0 0.5015625 0.48671875 0.0375 0.0640625
0 0.5375 0.4578125 0.0671875 0.0390625
0 0.53515625 0.49765625 0.0703125 0.0484375
0 0.5234375 0.53359375 0.0625 0.06875
0 0.31796875 0.48515625 0.0546875 0.06875
0 0.30078125 0.5609375 0.0671875 0.0765625
0 0.38984375 0.54296875 0.0671875 0.0875
0 0.58515625 0.59375 0.078125 0.0515625