0 0.94921875 0.5296875 0.1015625 0.075
0 0.65859375 0.77890625 0.11875 0.09375
0 0.3171875 0.72890625 0.1296875 0.1140625
0 0.375 0.7125 0.1125 0.0890625
0 0.2421875 0.56171875 0.1015625 0.0765625
0 0.2796875 0.4328125 0.125 0.078125
0 0.34765625 0.2609375 0.121875 0.096875
0 0.02421875 0.4046875 0.0484375 0.0625
0 0.478125 0.26875 0.078125 0.084375
0 0.54609375 0.1234375 0.1078125 0.065625
0 0.54453125 0.1828125 0.096875 0.078125
0 0.59375 0.28671875 0.0828125 0.06875
0 0.63515625 0.35625 0.075 0.0734375
0 0.671875 0.29296875 0.0703125 0.075
0 0.68203125 0.3453125 0.05625 0.0765625
0 0.7203125 0.29609375 0.065625 0.08125
0 0.76640625 0.38203125 0.06875 0.0640625
0 0.6390625 0.1359375 0.0875 0.071875
0 0.75234375 0.21640625 0.065625 0.078125
0 0.69765625 0.196875 0.0515625 0.0640625
0 0.703125 0.115625 0.06875 0.0828125
0 0.83671875 0.28125 0.0921875 0.0515625
0 0.61640625 0.509375 0.096875 0.05
0 0.4015625 0.5390625 0.08125 0.084375
0 0.49453125 0.43203125 0.090625 0.053125
0 0.51953125 0.2890625 0.0734375 0.0703125
0 0.14375 0.271875 0.09375 0.084375