0 0.41015625 0.21171875 0.046875 0.13828125
0 0.6953125 0.2546875 0.09609375 0.06015625
0 0.815625 0.29765625 0.07890625 0.05390625
0 0.71015625 0.353125 0.07265625 0.0546875
0 0.69296875 0.30546875 0.07578125 0.025
0 0.65078125 0.325 0.07890625 0.04765625
0 0.6171875 0.89921875 0.07890625 0.053125
0 0.4484375 0.590625 0.07109375 0.0453125
0 0.596875 0.4984375 0.04296875 0.075
0 0.54921875 0.41484375 0.06328125 0.040625
0 0.4890625 0.43671875 0.03828125 0.05
0 0.50234375 0.48671875 0.0328125 0.06328125
0 0.540625 0.4609375 0.065625 0.034375
0 0.53515625 0.5 0.0671875 0.04375
0 0.52109375 0.53515625 0.0578125 0.06484375
0 0.31953125 0.47265625 0.05078125 0.06484375
0 0.296875 0.546875 0.06328125 0.07109375
0 0.3875 0.53515625 0.0609375 0.0828125
0 0.578125 0.59921875 0.07578125 0.04765625