0 0.596875 0.30234375 0.06875 0.0765625
0 0.4125 0.459375 0.0765625 0.09375
0 0.14921875 0.5015625 0.065625 0.0484375
0 0.6609375 0.9203125 0.059375 0.0703125
0 0.7515625 0.75234375 0.065625 0.0515625
0 0.67578125 0.715625 0.05 0.071875
0 0.65078125 0.66875 0.071875 0.084375
0 0.46328125 0.2890625 0.0875 0.0453125
0 0.421875 0.33359375 0.071875 0.059375
0 0.5078125 0.33515625 0.0859375 0.0453125
0 0.5015625 0.36953125 0.0703125 0.0421875
0 0.5140625 0.41875 0.075 0.059375
0 0.55625 0.446875 0.084375 0.046875
0 0.63359375 0.559375 0.0515625 0.0609375
0 0.4953125 0.55234375 0.075 0.05625
0 0.51328125 0.51484375 0.065625 0.0515625
0 0.53203125 0.4765625 0.078125 0.0375
0 0.59296875 0.4796875 0.05625 0.04375
0 0.5703125 0.5625 0.0671875 0.0546875
0 0.6125 0.5140625 0.0390625 0.05
0 0.55625 0.5265625 0.065625 0.0375