0 0.38515625 0.26796875 0.059375 0.05625
0 0.559375 0.31484375 0.06875 0.07109375
0 0.78515625 0.33515625 0.059375 0.0765625
0 0.90625 0.34296875 0.040625 0.0828125
0 0.51328125 0.57421875 0.05546875 0.0859375
0 0.47265625 0.82265625 0.05625 0.0921875
0 0.6203125 0.94921875 0.084375 0.090625
0 0.2390625 0.79609375 0.06015625 0.07265625
0 0.18984375 0.771875 0.06328125 0.06015625
0 0.3921875 0.4921875 0.071875 0.1140625
0 0.14609375 0.45078125 0.05 0.075
0 0.1734375 0.37578125 0.06015625 0.0546875
0 0.27265625 0.378125 0.053125 0.07109375
0 0.36875 0.32265625 0.06484375 0.05390625
0 0.26953125 0.25078125 0.053125 0.06015625
0 0.2328125 0.34765625 0.04453125 0.0671875
0 0.3171875 0.1765625 0.0359375 0.07265625