0 0.7546875 0.64296875 0.0640625 0.0890625
0 0.7828125 0.71875 0.0609375 0.0390625
0 0.76953125 0.78828125 0.1078125 0.0484375
0 0.73125 0.7453125 0.0703125 0.059375
0 0.6890625 0.7078125 0.0515625 0.0640625
0 0.640625 0.62265625 0.0546875 0.075
0 0.62578125 0.6953125 0.040625 0.0640625
0 0.5328125 0.7296875 0.04375 0.05625
0 0.571875 0.69453125 0.0640625 0.0546875
0 0.54140625 0.54453125 0.0640625 0.0640625
0 0.4921875 0.5078125 0.0375 0.078125
0 0.3921875 0.4453125 0.0421875 0.078125
0 0.271875 0.540625 0.0421875 0.06875
0 0.325 0.49140625 0.059375 0.04375
0 0.16875 0.73359375 0.05625 0.0546875
0 0.2828125 0.62890625 0.071875 0.0578125
0 0.3921875 0.58203125 0.0671875 0.0546875
0 0.44609375 0.5546875 0.0703125 0.0453125
0 0.43203125 0.5171875 0.08125 0.05
0 0.45703125 0.475 0.053125 0.0515625
0 0.4859375 0.6234375 0.071875 0.053125
0 0.42109375 0.6453125 0.053125 0.0453125
0 0.46640625 0.71171875 0.0640625 0.0578125
0 0.5453125 0.6421875 0.0640625 0.0515625
0 0.596875 0.5859375 0.0453125 0.0421875
0 0.6078125 0.6296875 0.0328125 0.04375
0 0.56640625 0.58671875 0.0328125 0.0625
0 0.30546875 0.74765625 0.084375 0.040625
0 0.18828125 0.7015625 0.0625 0.0421875
0 0.35 0.62890625 0.071875 0.0484375