0 0.7234375 0.36953125 0.0609375 0.0625
0 0.6890625 0.54609375 0.0765625 0.0734375
0 0.684375 0.77265625 0.08125 0.0640625
0 0.68515625 0.89453125 0.0859375 0.046875
0 0.4265625 0.51875 0.0890625 0.0625
0 0.1765625 0.4953125 0.0953125 0.0625
0 0.06015625 0.6515625 0.096875 0.090625
0 0.18671875 0.26015625 0.0765625 0.0640625
0 0.20703125 0.209375 0.0640625 0.0671875
0 0.5 0.3921875 0.11875 0.0796875
0 0.52421875 0.14375 0.078125 0.0546875
0 0.60078125 0.165625 0.059375 0.0625
0 0.60546875 0.26484375 0.075 0.0578125
0 0.66796875 0.35703125 0.0578125 0.06875
0 0.7328125 0.25234375 0.0625 0.0578125
0 0.63359375 0.22265625 0.0703125 0.0484375
0 0.81015625 0.2953125 0.0734375 0.040625