0 0.75703125 0.63828125 0.0625 0.08671875
0 0.78671875 0.7140625 0.0609375 0.03828125
0 0.77421875 0.78359375 0.10703125 0.046875
0 0.73515625 0.74140625 0.06796875 0.0578125
0 0.69296875 0.7046875 0.05 0.0625
0 0.64296875 0.6203125 0.05390625 0.0734375
0 0.62890625 0.69296875 0.0390625 0.0640625
0 0.53671875 0.72890625 0.0421875 0.05625
0 0.575 0.69296875 0.0625 0.05390625
0 0.5421875 0.54375 0.06328125 0.0625
0 0.4921875 0.5078125 0.0359375 0.078125
0 0.39140625 0.446875 0.04140625 0.07734375
0 0.27265625 0.54453125 0.04140625 0.06953125
0 0.325 0.49453125 0.05859375 0.0421875
0 0.17265625 0.7390625 0.0546875 0.053125
0 0.28515625 0.6328125 0.0703125 0.05625
0 0.39375 0.58359375 0.06640625 0.05390625
0 0.446875 0.55546875 0.0703125 0.04375
0 0.43203125 0.51875 0.0796875 0.0484375
0 0.45625 0.47578125 0.0515625 0.05078125
0 0.48828125 0.6234375 0.0703125 0.0515625
0 0.4234375 0.646875 0.05234375 0.04375
0 0.4703125 0.7125 0.06171875 0.05546875
0 0.54765625 0.64140625 0.06328125 0.05078125
0 0.5984375 0.584375 0.0453125 0.040625
0 0.61015625 0.628125 0.0328125 0.04453125
0 0.56796875 0.58515625 0.03046875 0.06171875
0 0.31015625 0.75078125 0.08359375 0.0390625
0 0.1921875 0.70703125 0.06171875 0.03984375
0 0.35234375 0.63125 0.0703125 0.04609375