0 0.58203125 0.21953125 0.0984375 0.0796875
0 0.65 0.175 0.05 0.0671875
0 0.7203125 0.17265625 0.0671875 0.1140625
0 0.6875 0.21953125 0.0703125 0.0796875
0 0.66015625 0.26875 0.071875 0.0625
0 0.58828125 0.33515625 0.0828125 0.0671875
0 0.66171875 0.33359375 0.0703125 0.0515625
0 0.71640625 0.41640625 0.0640625 0.053125
0 0.6734375 0.38671875 0.065625 0.071875
0 0.534375 0.45 0.0734375 0.0734375
0 0.509375 0.50625 0.084375 0.0515625
0 0.4703125 0.6171875 0.084375 0.05625
0 0.590625 0.71328125 0.075 0.0546875
0 0.53125 0.67265625 0.053125 0.0671875
0 0.8015625 0.7703125 0.0640625 0.0640625
0 0.67421875 0.6828125 0.0703125 0.08125
0 0.60390625 0.58671875 0.065625 0.075
0 0.565625 0.540625 0.0578125 0.078125
0 0.5328125 0.5625 0.0640625 0.0875
0 0.48515625 0.54765625 0.059375 0.0609375
0 0.6234375 0.4859375 0.065625 0.0796875
0 0.659375 0.54453125 0.053125 0.0609375
0 0.7140625 0.48515625 0.06875 0.0734375
0 0.628125 0.42421875 0.0625 0.071875
0 0.56171875 0.3859375 0.0484375 0.053125
0 0.60234375 0.365625 0.05 0.040625
0 0.56953125 0.415625 0.0671875 0.04375
0 0.78515625 0.63359375 0.05625 0.090625
0 0.76640625 0.7578125 0.053125 0.06875
0 0.659375 0.6171875 0.0609375 0.078125