0 0.73984375 0.4015625 0.0609375 0.0625
0 0.68046875 0.571875 0.0765625 0.0734375
0 0.64453125 0.79609375 0.08125 0.0640625
0 0.628125 0.91640625 0.0859375 0.046875
0 0.425 0.5078125 0.0890625 0.0625
0 0.1796875 0.45 0.0953125 0.0625
0 0.04609375 0.5890625 0.0921875 0.090625
0 0.22265625 0.21875 0.0765625 0.0640625
0 0.25078125 0.171875 0.0640625 0.0671875
0 0.515625 0.39296875 0.11875 0.0796875
0 0.5734375 0.15 0.078125 0.0546875
0 0.646875 0.1828125 0.059375 0.0625
0 0.6375 0.28203125 0.075 0.0578125
0 0.6859375 0.38125 0.0578125 0.06875
0 0.76484375 0.2875 0.0625 0.0578125
0 0.6703125 0.24375 0.0703125 0.0484375
0 0.83515625 0.33984375 0.0734375 0.040625