0 0.29453125 0.42109375 0.07109375 0.06171875
0 0.4671875 0.590625 0.08671875 0.06875
0 0.53203125 0.84921875 0.04375 0.06328125
0 0.9046875 0.303125 0.06484375 0.05234375
0 0.7296875 0.22734375 0.046875 0.06171875
0 0.69921875 0.30625 0.06875 0.04296875
0 0.6546875 0.33515625 0.0796875 0.065625
0 0.29296875 0.5546875 0.03828125 0.084375
0 0.34140625 0.5921875 0.053125 0.0671875
0 0.33515625 0.50625 0.03828125 0.0828125
0 0.3703125 0.51015625 0.0359375 0.0671875
0 0.41796875 0.49296875 0.05234375 0.0703125
0 0.4421875 0.4484375 0.03984375 0.08125
0 0.54765625 0.36171875 0.0578125 0.04609375
0 0.55234375 0.5 0.05 0.0703125
0 0.51328125 0.48515625 0.04765625 0.06328125
0 0.47421875 0.4703125 0.03203125 0.07421875
0 0.471875 0.409375 0.0390625 0.053125
0 0.55625 0.42421875 0.05 0.06171875
0 0.50390625 0.38671875 0.04609375 0.03515625
0 0.521875 0.44140625 0.0328125 0.06328125