0 0.38671875 0.68828125 0.0734375 0.08125
0 0.58359375 0.5484375 0.0828125 0.0984375
0 0.84921875 0.52890625 0.06875 0.0546875
0 0.3765625 0.0671875 0.0640625 0.0734375
0 0.27109375 0.2265625 0.0703125 0.05625
0 0.34375 0.2703125 0.0546875 0.075
0 0.36484375 0.31875 0.078125 0.090625
0 0.51796875 0.71328125 0.0890625 0.0515625
0 0.56328125 0.671875 0.075 0.0640625
0 0.47734375 0.66328125 0.0875 0.0515625
0 0.4875 0.6296875 0.071875 0.046875
0 0.47890625 0.5796875 0.078125 0.0640625
0 0.4390625 0.54765625 0.0875 0.0546875
0 0.371875 0.42890625 0.05625 0.065625
0 0.509375 0.4484375 0.078125 0.0609375
0 0.4875 0.484375 0.0703125 0.05625
0 0.46640625 0.5203125 0.0796875 0.04375
0 0.40625 0.51171875 0.059375 0.0484375
0 0.43515625 0.43125 0.0703125 0.059375
0 0.3890625 0.4765625 0.0421875 0.0515625
0 0.44609375 0.46796875 0.0671875 0.04375