0 0.62265625 0.05625 0.0671875 0.0859375
0 0.409375 0.0890625 0.071875 0.109375
0 0.32578125 0.26015625 0.0703125 0.06875
0 0.3296875 0.33984375 0.078125 0.0921875
0 0.153125 0.48828125 0.065625 0.125
0 0.77578125 0.69296875 0.0890625 0.121875
0 0.928125 0.62578125 0.0890625 0.1265625
0 0.76328125 0.8015625 0.065625 0.1078125
0 0.5359375 0.471875 0.10625 0.0953125
0 0.45234375 0.4390625 0.0796875 0.1078125
0 0.453125 0.3828125 0.065625 0.0875
0 0.49921875 0.37421875 0.0609375 0.065625
0 0.51171875 0.13125 0.053125 0.0953125
0 0.58515625 0.20625 0.0671875 0.0640625
0 0.50234375 0.2984375 0.0546875 0.0859375
0 0.53828125 0.2640625 0.0546875 0.0640625
0 0.58046875 0.2796875 0.065625 0.0671875
0 0.3390625 0.42421875 0.0484375 0.0828125
0 0.38828125 0.3890625 0.0546875 0.0734375
0 0.415625 0.36328125 0.059375 0.0734375
0 0.3984375 0.4515625 0.0484375 0.0859375
0 0.465625 0.60078125 0.06875 0.1015625
0 0.50859375 0.61171875 0.0671875 0.084375
0 0.71015625 0.93125 0.0890625 0.125
0 0.7328125 0.5234375 0.0703125 0.1015625
0 0.76171875 0.46484375 0.0609375 0.08125
0 0.46953125 0.2484375 0.059375 0.071875
0 0.4578125 0.18515625 0.0453125 0.0578125
0 0.5078125 0.2265625 0.04375 0.05