0 0.51953125 0.03984375 0.0515625 0.0765625
0 0.31953125 0.11953125 0.04921875 0.10078125
0 0.2765625 0.30546875 0.05859375 0.05703125
0 0.29765625 0.38203125 0.0609375 0.08125
0 0.159375 0.56640625 0.04140625 0.11875
0 0.81171875 0.62578125 0.06484375 0.11015625
0 0.9453125 0.5265625 0.065625 0.1140625
0 0.82421875 0.734375 0.04375 0.09921875
0 0.52890625 0.4640625 0.09140625 0.0765625
0 0.43984375 0.4515625 0.05859375 0.09609375
0 0.428125 0.39609375 0.05078125 0.078125
0 0.47109375 0.37734375 0.04921875 0.05546875
0 0.42890625 0.13828125 0.034375 0.090625
0 0.5171875 0.19453125 0.05703125 0.05390625
0 0.45703125 0.303125 0.03828125 0.0796875
0 0.484375 0.26171875 0.04453125 0.05703125
0 0.52890625 0.2671875 0.0546875 0.05546875
0 0.32578125 0.4625 0.03046875 0.078125
0 0.36640625 0.4171875 0.04140625 0.06640625
0 0.38671875 0.3859375 0.0453125 0.06484375
0 0.38984375 0.47578125 0.03203125 0.08125
0 0.4890625 0.60625 0.04921875 0.0921875
0 0.53359375 0.60703125 0.0515625 0.075
0 0.8015625 0.87265625 0.06640625 0.11328125
0 0.73203125 0.4703125 0.0515625 0.0921875
0 0.746875 0.40703125 0.0453125 0.0734375
0 0.4140625 0.26171875 0.046875 0.06328125
0 0.38828125 0.20234375 0.034375 0.0515625
0 0.44609375 0.23203125 0.034375 0.04453125