0 0.94140625 0.63046875 0.0875 0.06875
0 0.9125 0.4171875 0.109375 0.0734375
0 0.74296875 0.33046875 0.06875 0.071875
0 0.66328125 0.33203125 0.09375 0.078125
0 0.51796875 0.153125 0.125 0.06875
0 0.30234375 0.771875 0.121875 0.090625
0 0.36640625 0.92578125 0.1265625 0.090625
0 0.19453125 0.7578125 0.1078125 0.0671875
0 0.528125 0.53671875 0.096875 0.10625
0 0.56171875 0.453125 0.1078125 0.08125
0 0.61796875 0.45546875 0.0875 0.0671875
0 0.62578125 0.5015625 0.0671875 0.0625
0 0.86796875 0.51875 0.096875 0.0546875
0 0.7921875 0.590625 0.065625 0.0671875
0 0.7015625 0.50625 0.0859375 0.05625
0 0.73515625 0.5421875 0.065625 0.05625
0 0.71875 0.584375 0.0671875 0.0671875
0 0.57890625 0.33984375 0.0828125 0.05
0 0.6125 0.390625 0.0734375 0.0546875
0 0.63828125 0.41796875 0.075 0.059375
0 0.55 0.39921875 0.0859375 0.05
0 0.39921875 0.4640625 0.1015625 0.0703125
0 0.38828125 0.50703125 0.0859375 0.06875
0 0.065625 0.70234375 0.125 0.0921875
0 0.47265625 0.73203125 0.1015625 0.071875
0 0.53046875 0.76171875 0.0828125 0.0625
0 0.75234375 0.47421875 0.071875 0.0609375
0 0.815625 0.46328125 0.0578125 0.0453125
0 0.7734375 0.5125 0.05 0.04375