0 0.49765625 0.5453125 0.0734375 0.05234375
0 0.48046875 0.58515625 0.07578125 0.0671875
0 0.453125 0.671875 0.06171875 0.0453125
0 0.51796875 0.68671875 0.0515625 0.04375
0 0.5515625 0.6734375 0.065625 0.03046875
0 0.45390625 0.71640625 0.10546875 0.0515625
0 0.421875 0.76328125 0.08515625 0.0359375
0 0.56171875 0.74296875 0.1 0.02421875
0 0.55390625 0.7125 0.09140625 0.025
0 0.67109375 0.71171875 0.08671875 0.028125
0 0.74921875 0.728125 0.0515625 0.0296875
0 0.65 0.73203125 0.08125 0.02578125
0 0.64453125 0.74609375 0.09375 0.01953125
0 0.64609375 0.75625 0.11953125 0.02578125
0 0.6171875 0.778125 0.1125 0.028125
0 0.72890625 0.79375 0.1296875 0.0484375
0 0.54609375 0.81484375 0.08515625 0.05078125
0 0.64453125 0.825 0.12421875 0.04375
0 0.82578125 0.69375 0.059375 0.02265625
0 0.8453125 0.66328125 0.06953125 0.0328125