0 0.653125 0.425 0.0703125 0.103125
0 0.53828125 0.69609375 0.0703125 0.1125
0 0.47734375 0.41640625 0.078125 0.096875
0 0.4703125 0.56015625 0.053125 0.078125
0 0.490625 0.25390625 0.059375 0.0765625
0 0.4734375 0.0359375 0.071875 0.071875
0 0.45234375 0.11796875 0.0703125 0.0796875
0 0.44375 0.16953125 0.0578125 0.071875
0 0.44765625 0.29921875 0.0703125 0.0765625
0 0.41796875 0.35234375 0.0640625 0.075
0 0.41015625 0.43046875 0.065625 0.071875
0 0.40390625 0.54296875 0.0578125 0.0640625
0 0.371875 0.51171875 0.0703125 0.0609375
0 0.3359375 0.70546875 0.0625 0.0890625
0 0.365625 0.596875 0.0546875 0.059375
0 0.3125 0.5984375 0.053125 0.096875
0 0.3703125 0.38515625 0.05 0.0828125
0 0.4140625 0.25625 0.05625 0.0859375
0 0.39453125 0.296875 0.0421875 0.0625
0 0.4109375 0.74453125 0.0671875 0.096875