0 0.81484375 0.3015625 0.05546875 0.04765625
0 0.940625 0.22734375 0.08046875 0.0421875
0 0.34453125 0.31171875 0.05546875 0.04140625
0 0.39921875 0.33828125 0.08046875 0.04921875
0 0.70078125 0.43046875 0.0859375 0.05859375
0 0.065625 0.6359375 0.09140625 0.05
0 0.13828125 0.625 0.0484375 0.05625
0 0.19375 0.6390625 0.06640625 0.05859375
0 0.25625 0.57578125 0.06796875 0.05625
0 0.240625 0.62578125 0.0953125 0.04765625
0 0.3328125 0.57890625 0.06640625 0.0703125
0 0.428125 0.5625 0.07265625 0.0484375
0 0.43125 0.59921875 0.08203125 0.0421875
0 0.5640625 0.578125 0.04765625 0.04765625
0 0.4984375 0.5515625 0.0734375 0.0359375
0 0.54921875 0.5203125 0.1 0.0265625
0 0.7125 0.5734375 0.05625 0.05234375
0 0.7265625 0.61328125 0.06484375 0.03515625
0 0.659375 0.5921875 0.0546875 0.053125
0 0.83671875 0.659375 0.09609375 0.028125
0 0.6 0.60078125 0.04375 0.0421875
0 0.609375 0.6484375 0.05234375 0.03359375
0 0.55234375 0.62578125 0.05 0.046875
0 0.51953125 0.5921875 0.03359375 0.0484375
0 0.48515625 0.5890625 0.040625 0.046875
0 0.54140625 0.65859375 0.0625 0.025
0 0.3828125 0.6640625 0.09296875 0.0234375
0 0.303125 0.653125 0.071875 0.025
0 0.41796875 0.6453125 0.0640625 0.02265625