0 0.62578125 0.6359375 0.0578125 0.03125
0 0.53984375 0.6421875 0.11875 0.065625
0 0.9578125 0.6484375 0.05625 0.0359375
0 0.53125 0.68125 0.0390625 0.0375
0 0.56953125 0.68671875 0.0859375 0.034375
0 0.6125 0.70859375 0.103125 0.0359375
0 0.5421875 0.72109375 0.096875 0.0421875
0 0.5828125 0.76171875 0.1015625 0.040625
0 0.6546875 0.75703125 0.0578125 0.046875
0 0.71484375 0.78046875 0.0578125 0.04375
0 0.74140625 0.75546875 0.0703125 0.03125
0 0.45859375 0.73203125 0.059375 0.059375
0 0.85703125 0.67265625 0.0515625 0.04375
0 0.7453125 0.6125 0.125 0.05625
0 0.9578125 0.9484375 0.084375 0.059375