0 0.39140625 0.26875 0.0625 0.0765625
0 0.43125 0.31171875 0.0640625 0.1
0 0.43046875 0.22734375 0.0609375 0.1171875
0 0.490625 0.2921875 0.05 0.0859375
0 0.47734375 0.18125 0.0515625 0.1109375
0 0.52109375 0.35234375 0.0515625 0.121875
0 0.55234375 0.12265625 0.0453125 0.10625
0 0.5703125 0.08515625 0.0640625 0.103125
0 0.57734375 0.22421875 0.046875 0.0953125
0 0.5875 0.38125 0.05 0.1078125
0 0.56171875 0.4515625 0.0546875 0.0609375
0 0.628125 0.4109375 0.059375 0.090625
0 0.60625 0.534375 0.0515625 0.0796875
0 0.634375 0.6390625 0.05 0.1078125
0 0.6953125 0.8890625 0.0625 0.0875
0 0.6859375 0.80703125 0.0578125 0.075
0 0.6734375 0.70078125 0.0546875 0.09375
0 0.65 0.5875 0.0453125 0.05