0 0.58046875 0.26875 0.19765625 0.08671875
0 0.503125 0.55 0.1109375 0.07578125
0 0.471875 0.65234375 0.05546875 0.06484375
0 0.5140625 0.6609375 0.06953125 0.0375
0 0.56171875 0.60625 0.05703125 0.0234375
0 0.44375 0.69765625 0.071875 0.04140625
0 0.51796875 0.71484375 0.08125 0.03359375
0 0.553125 0.6859375 0.05703125 0.02421875
0 0.87109375 0.6875 0.03984375 0.0234375
0 0.84921875 0.71953125 0.053125 0.0296875
0 0.93828125 0.70703125 0.03671875 0.04453125
0 0.76015625 0.84609375 0.06484375 0.04453125
0 0.70078125 0.7828125 0.121875 0.040625
0 0.51953125 0.765625 0.1125 0.0484375
0 0.6390625 0.75546875 0.1078125 0.0375
0 0.67265625 0.7328125 0.05703125 0.034375
0 0.57890625 0.73515625 0.11015625 0.02890625