0 0.42421875 0.3609375 0.0609375 0.0953125
0 0.54921875 0.04140625 0.0625 0.078125
0 0.6 0.07265625 0.0703125 0.071875
0 0.37109375 0.69453125 0.065625 0.071875
0 0.49296875 0.5015625 0.05625 0.1234375
0 0.534375 0.64609375 0.0546875 0.1046875
0 0.52890625 0.740625 0.0609375 0.0921875
0 0.54765625 0.92734375 0.0546875 0.06875
0 0.5453125 0.87734375 0.0625 0.0625
0 0.56953125 0.8296875 0.0609375 0.065625
0 0.58203125 0.76484375 0.05625 0.084375
0 0.571875 0.53359375 0.0609375 0.05625
0 0.59453125 0.4546875 0.059375 0.0765625
0 0.59921875 0.509375 0.053125 0.046875
0 0.59375 0.5796875 0.0671875 0.0640625
0 0.628125 0.609375 0.0453125 0.065625
0 0.6578125 0.521875 0.053125 0.1109375
0 0.62421875 0.48515625 0.0546875 0.05
0 0.6640625 0.4234375 0.05625 0.059375
0 0.6546875 0.34453125 0.0640625 0.0515625
0 0.65859375 0.2875 0.0484375 0.06875
0 0.68671875 0.2578125 0.053125 0.1