0 0.70859375 0.3734375 0.1015625 0.046875
0 0.73828125 0.47265625 0.09375 0.05625
0 0.7421875 0.50859375 0.103125 0.0265625
0 0.734375 0.53671875 0.1171875 0.0375
0 0.64609375 0.5203125 0.0921875 0.0390625
0 0.5625 0.5671875 0.0546875 0.0515625
0 0.63828125 0.609375 0.0453125 0.059375
0 0.7125 0.61015625 0.090625 0.0484375
0 0.71875 0.6375 0.0875 0.0421875
0 0.775 0.64375 0.0984375 0.04375
0 0.60625 0.64921875 0.04375 0.0390625
0 0.50078125 0.6578125 0.0359375 0.034375
0 0.5390625 0.6359375 0.0953125 0.0328125
0 0.48828125 0.55625 0.046875 0.0578125
0 0.44140625 0.5640625 0.0546875 0.040625
0 0.44921875 0.6 0.071875 0.0390625
0 0.3234375 0.5609375 0.065625 0.0625
0 0.38359375 0.5984375 0.025 0.0546875
0 0.4015625 0.64453125 0.0828125 0.046875
0 0.3171875 0.64765625 0.0671875 0.05
0 0.24140625 0.6359375 0.0671875 0.04375
0 0.16875 0.65234375 0.0703125 0.053125
0 0.07890625 0.6453125 0.1046875 0.059375