0 0.7609375 0.428125 0.0921875 0.0578125
0 0.80546875 0.46875 0.08125 0.05625
0 0.4375 0.50390625 0.0875 0.0421875
0 0.62265625 0.53984375 0.0734375 0.0546875
0 0.71484375 0.59140625 0.0703125 0.0546875
0 0.69921875 0.6171875 0.1015625 0.046875
0 0.68203125 0.68046875 0.0796875 0.040625
0 0.51953125 0.5390625 0.0796875 0.0328125
0 0.54609375 0.5765625 0.0484375 0.0515625
0 0.5734375 0.6078125 0.075 0.053125
0 0.49765625 0.6453125 0.0578125 0.053125
0 0.45859375 0.565625 0.075 0.040625
0 0.428125 0.5359375 0.0625 0.046875
0 0.38203125 0.53203125 0.059375 0.05625
0 0.33984375 0.515625 0.06875 0.0609375
0 0.38828125 0.5921875 0.0828125 0.05625
0 0.4375 0.58671875 0.075 0.059375
0 0.37734375 0.64296875 0.046875 0.025
0 0.38203125 0.6203125 0.0828125 0.05
0 0.225 0.60078125 0.0578125 0.05
0 0.05703125 0.58125 0.0953125 0.0609375
0 0.1453125 0.60078125 0.1 0.0375
0 0.5828125 0.64609375 0.053125 0.0578125
0 0.61484375 0.66875 0.0625 0.0390625