0 0.2859375 0.64296875 0.05 0.0828125
0 0.3578125 0.396875 0.090625 0.08125
0 0.23828125 0.36875 0.1078125 0.115625
0 0.2859375 0.37890625 0.06875 0.0625
0 0.30234375 0.42421875 0.0640625 0.0671875
0 0.2328125 0.45 0.0546875 0.0875
0 0.18515625 0.553125 0.0765625 0.0953125
0 0.19765625 0.59375 0.0484375 0.0515625
0 0.21953125 0.62578125 0.0453125 0.0703125
0 0.25859375 0.5578125 0.034375 0.0625
0 0.31953125 0.5421875 0.0359375 0.0578125
0 0.29296875 0.5109375 0.034375 0.0625
0 0.278125 0.49375 0.034375 0.0375
0 0.23359375 0.92734375 0.03125 0.05