0 0.496875 0.55078125 0.06875 0.07265625
0 0.54453125 0.62890625 0.03984375 0.034375
0 0.2984375 0.78671875 0.109375 0.11953125
0 0.734375 0.778125 0.07578125 0.06015625
0 0.8484375 0.690625 0.04453125 0.0265625
0 0.9296875 0.7046875 0.06171875 0.02890625
0 0.6109375 0.771875 0.0671875 0.04921875
0 0.58515625 0.72578125 0.07734375 0.01796875
0 0.58203125 0.68984375 0.05703125 0.025
0 0.5125 0.71484375 0.0640625 0.021875
0 0.46953125 0.7078125 0.06171875 0.03046875
0 0.43203125 0.7515625 0.084375 0.03984375
0 0.52578125 0.759375 0.08984375 0.03359375
0 0.64140625 0.7578125 0.0921875 0.0328125
0 0.6234375 0.7375 0.1125 0.0359375