0 0.6 0.8203125 0.128125 0.0828125
0 0.4796875 0.83359375 0.1140625 0.0703125
0 0.6125 0.75078125 0.103125 0.0578125
0 0.5546875 0.7453125 0.0953125 0.0484375
0 0.4921875 0.72265625 0.0875 0.0421875
0 0.51875 0.71875 0.08125 0.0375
0 0.45625 0.6984375 0.09375 0.046875
0 0.46328125 0.66953125 0.0796875 0.0453125
0 0.53046875 0.6421875 0.0578125 0.04375
0 0.5265625 0.67265625 0.0796875 0.0328125
0 0.5234375 0.69140625 0.08125 0.0390625
0 0.375 0.77578125 0.1046875 0.059375
0 0.44296875 0.74296875 0.06875 0.0453125
0 0.5078125 0.77109375 0.1171875 0.053125
0 0.44140625 0.8015625 0.0671875 0.0625
0 0.68515625 0.81484375 0.096875 0.059375