0 0.30703125 0.359375 0.0609375 0.078125
0 0.3953125 0.32890625 0.0703125 0.1203125
0 0.54921875 0.7234375 0.0625 0.096875
0 0.47109375 0.275 0.04375 0.0875
0 0.5109375 0.3984375 0.0640625 0.0640625
0 0.54609375 0.33046875 0.0484375 0.0859375
0 0.5625 0.2546875 0.05625 0.0921875
0 0.534375 0.12890625 0.0546875 0.1015625
0 0.59375 0.20625 0.0484375 0.0921875
0 0.6140625 0.2953125 0.040625 0.0640625
0 0.56953125 0.41875 0.05625 0.0671875
0 0.5875 0.50859375 0.0671875 0.084375
0 0.63203125 0.7140625 0.0609375 0.0609375
0 0.703125 0.82109375 0.0578125 0.06875
0 0.696875 0.7609375 0.0625 0.08125
0 0.61640625 0.54765625 0.059375 0.0796875
0 0.68828125 0.6640625 0.05625 0.08125
0 0.68359375 0.61875 0.0546875 0.084375
0 0.6703125 0.559375 0.059375 0.08125
0 0.63203125 0.45078125 0.0421875 0.0484375
0 0.6359375 0.41328125 0.034375 0.0625