0 0.61484375 0.6703125 0.0796875 0.03125
0 0.5171875 0.62109375 0.0515625 0.04375
0 0.51640625 0.64453125 0.04375 0.021875
0 0.4625 0.696875 0.065625 0.0453125
0 0.57734375 0.68828125 0.06875 0.034375
0 0.565625 0.6640625 0.071875 0.021875
0 0.7203125 0.7375 0.0765625 0.04375
0 0.60234375 0.72578125 0.08125 0.028125
0 0.5359375 0.72421875 0.096875 0.034375
0 0.5625 0.70703125 0.078125 0.021875
0 0.465625 0.73984375 0.06875 0.028125
0 0.51875 0.75390625 0.1125 0.025
0 0.5359375 0.77734375 0.125 0.03125
0 0.5796875 0.80859375 0.1296875 0.03125
0 0.66328125 0.77265625 0.121875 0.025
0 0.71796875 0.79375 0.128125 0.0375
0 0.6046875 0.7453125 0.10625 0.0328125
0 0.8375 0.94765625 0.1140625 0.04375