0 0.471875 0.590625 0.07890625 0.06640625
0 0.77890625 0.58515625 0.08984375 0.04296875
0 0.86875 0.575 0.08046875 0.04375
0 0.47265625 0.671875 0.10234375 0.0671875
0 0.64921875 0.7296875 0.07265625 0.02890625
0 0.6890625 0.78125 0.11171875 0.0296875
0 0.5859375 0.7734375 0.1078125 0.02890625
0 0.56171875 0.7390625 0.1265625 0.0328125
0 0.53203125 0.72421875 0.10546875 0.025
0 0.5453125 0.70859375 0.13125 0.02734375
0 0.7375 0.8515625 0.1875 0.06796875
0 0.53125 0.79296875 0.13515625 0.0484375
0 0.52578125 0.8078125 0.1390625 0.04765625
0 0.8109375 0.69375 0.0453125 0.021875
0 0.8796875 0.67421875 0.05703125 0.025
0 0.91484375 0.6953125 0.06953125 0.0296875
0 0.55859375 0.62578125 0.0609375 0.04140625
0 0.45390625 0.74921875 0.1046875 0.0359375