0 0.478125 0.58046875 0.0875 0.0828125
0 0.5203125 0.60234375 0.0734375 0.0640625
0 0.48828125 0.671875 0.0765625 0.075
0 0.5484375 0.653125 0.046875 0.0609375
0 0.584375 0.70234375 0.078125 0.0390625
0 0.74140625 0.75703125 0.1484375 0.0609375
0 0.6234375 0.76875 0.09375 0.0609375
0 0.51953125 0.78828125 0.10625 0.0640625
0 0.68125 0.71328125 0.09375 0.04375
0 0.6046875 0.728125 0.125 0.04375
0 0.478125 0.73203125 0.0953125 0.0734375
0 0.4546875 0.790625 0.078125 0.05
0 0.578125 0.671875 0.08125 0.04375
0 0.84921875 0.653125 0.05625 0.0296875