0 0.503125 0.56328125 0.0921875 0.06640625
0 0.51328125 0.6390625 0.0515625 0.04140625
0 0.68828125 0.73359375 0.059375 0.03359375
0 0.7328125 0.72265625 0.08203125 0.0328125
0 0.7875 0.70859375 0.1296875 0.04375
0 0.58203125 0.68515625 0.06875 0.025
0 0.653125 0.70078125 0.0421875 0.0234375
0 0.9375 0.70625 0.04609375 0.0265625
0 0.85546875 0.68515625 0.046875 0.02578125
0 0.765625 0.83203125 0.08125 0.04765625
0 0.75 0.8796875 0.10078125 0.05546875
0 0.4484375 0.78359375 0.078125 0.04140625
0 0.50703125 0.715625 0.071875 0.028125
0 0.63828125 0.75625 0.103125 0.034375
0 0.609375 0.73203125 0.10078125 0.03984375
0 0.52109375 0.675 0.0671875 0.05234375
0 0.678125 0.79375 0.08984375 0.04765625
0 0.7453125 0.79453125 0.08203125 0.03203125
0 0.65625 0.44296875 0.0828125 0.0296875
0 0.87265625 0.96484375 0.1015625 0.04765625