0 0.58125 0.51796875 0.0859375 0.090625
0 0.60078125 0.47421875 0.0671875 0.075
0 0.67265625 0.503125 0.078125 0.0796875
0 0.65078125 0.44375 0.0625 0.0484375
0 0.69765625 0.4046875 0.0421875 0.0796875
0 0.74453125 0.2453125 0.0671875 0.1484375
0 0.7625 0.3625 0.065625 0.0953125
0 0.78671875 0.465625 0.06875 0.1078125
0 0.70390625 0.3078125 0.0484375 0.0953125
0 0.72265625 0.38359375 0.05 0.125
0 0.7328125 0.509375 0.078125 0.0984375
0 0.7921875 0.5296875 0.053125 0.0796875
0 0.66796875 0.41328125 0.046875 0.0828125
0 0.634375 0.14375 0.03125 0.05625