0 0.59921875 0.57421875 0.0546875 0.08125
0 0.55234375 0.6953125 0.0515625 0.0609375
0 0.52890625 0.76015625 0.0484375 0.096875
0 0.5828125 0.51171875 0.046875 0.0421875
0 0.41484375 0.70390625 0.0546875 0.0734375
0 0.475 0.59375 0.05 0.0890625
0 0.4421875 0.7203125 0.05625 0.1046875
0 0.5 0.3515625 0.0484375 0.1015625
0 0.4796875 0.25546875 0.053125 0.071875
0 0.4609375 0.33125 0.0609375 0.0890625
0 0.46328125 0.51796875 0.05625 0.09375
0 0.4296875 0.5296875 0.0546875 0.053125
0 0.440625 0.5546875 0.0546875 0.0515625
0 0.44140625 0.5859375 0.05625 0.05
0 0.37734375 0.63203125 0.059375 0.059375
0 0.35 0.71484375 0.0484375 0.078125
0 0.33046875 0.75 0.0421875 0.10625
0 0.30625 0.7109375 0.04375 0.103125
0 0.3765625 0.5171875 0.0484375 0.05
0 0.34453125 0.54921875 0.05625 0.0609375
0 0.33046875 0.59765625 0.046875 0.059375
0 0.37109375 0.56953125 0.04375 0.084375
0 0.41328125 0.41484375 0.053125 0.0734375
0 0.42421875 0.32421875 0.053125 0.05625
0 0.4 0.36640625 0.0578125 0.0515625
0 0.43828125 0.2546875 0.0609375 0.0671875
0 0.425 0.17265625 0.05625 0.0578125
0 0.43515625 0.1140625 0.0546875 0.0515625
0 0.45234375 0.05390625 0.065625 0.0828125
0 0.40078125 0.246875 0.0546875 0.078125
0 0.38046875 0.3015625 0.0359375 0.065625
0 0.3609375 0.36171875 0.0421875 0.0828125
0 0.375 0.41015625 0.0390625 0.075
0 0.54296875 0.42265625 0.0453125 0.084375