0 0.390625 0.4375 0.053125 0.0640625
0 0.6015625 0.93359375 0.05625 0.103125
0 0.61640625 0.821875 0.0453125 0.1140625
0 0.58828125 0.76953125 0.0515625 0.0609375
0 0.5875 0.7109375 0.065625 0.0765625
0 0.55390625 0.64921875 0.0484375 0.08125
0 0.52421875 0.56484375 0.0421875 0.0921875
0 0.475 0.45390625 0.05 0.090625
0 0.51875 0.46640625 0.0421875 0.0875
0 0.63984375 0.18984375 0.0671875 0.0703125
0 0.64765625 0.4296875 0.0375 0.0796875
0 0.6328125 0.59453125 0.0359375 0.0796875
0 0.61484375 0.65234375 0.059375 0.046875
0 0.58828125 0.375 0.053125 0.075
0 0.58125 0.4453125 0.0609375 0.0671875
0 0.5609375 0.540625 0.04375 0.084375
0 0.5953125 0.55546875 0.0453125 0.0921875
0 0.5359375 0.38515625 0.025 0.0671875