0 0.88046875 0.021875 0.0578125 0.04375
0 0.6203125 0.53125 0.0546875 0.08125
0 0.621875 0.66171875 0.0515625 0.0609375
0 0.62421875 0.73046875 0.0484375 0.096875
0 0.58125 0.4796875 0.046875 0.0421875
0 0.49765625 0.72109375 0.0546875 0.0734375
0 0.51171875 0.59609375 0.05 0.0890625
0 0.52890625 0.72578125 0.05625 0.1046875
0 0.44453125 0.36171875 0.0484375 0.1015625
0 0.38984375 0.28125 0.053125 0.071875
0 0.40078125 0.3578125 0.0609375 0.0890625
0 0.47265625 0.53046875 0.05625 0.09375
0 0.44609375 0.553125 0.0546875 0.053125
0 0.465625 0.57265625 0.0546875 0.0515625
0 0.47734375 0.6015625 0.05625 0.05
0 0.4359375 0.66875 0.059375 0.059375
0 0.44140625 0.75546875 0.0484375 0.078125
0 0.43671875 0.7953125 0.0421875 0.10625
0 0.39921875 0.76796875 0.04375 0.103125
0 0.3921875 0.5625 0.0484375 0.05
0 0.37421875 0.60390625 0.05625 0.0609375
0 0.3796875 0.65390625 0.046875 0.059375
0 0.40625 0.6125 0.04375 0.084375
0 0.3875 0.453125 0.053125 0.0734375
0 0.3640625 0.365625 0.053125 0.05625
0 0.3578125 0.4140625 0.0578125 0.0515625
0 0.3515625 0.29609375 0.0609375 0.0671875
0 0.3078125 0.22421875 0.05625 0.0578125
0 0.2953125 0.16640625 0.0546875 0.0515625
0 0.28828125 0.10390625 0.065625 0.0828125
0 0.3125 0.30234375 0.0546875 0.078125
0 0.31484375 0.3609375 0.0359375 0.065625
0 0.31875 0.4234375 0.0421875 0.0828125
0 0.35078125 0.4640625 0.0390625 0.075
0 0.5109375 0.41171875 0.0453125 0.084375