0 0.76171875 0.83828125 0.0734375 0.05
0 0.9078125 0.7515625 0.0484375 0.0375
0 0.8265625 0.72734375 0.071875 0.040625
0 0.48984375 0.5515625 0.0890625 0.08125
0 0.42109375 0.6765625 0.0765625 0.084375
0 0.50859375 0.68515625 0.04375 0.0328125
0 0.53359375 0.675 0.0703125 0.0328125
0 0.5390625 0.64296875 0.0671875 0.03125
0 0.66640625 0.73125 0.1078125 0.0375
0 0.71328125 0.77421875 0.0453125 0.0265625
0 0.6125 0.78671875 0.103125 0.0453125
0 0.446875 0.79921875 0.11875 0.046875
0 0.40390625 0.75234375 0.0734375 0.05
0 0.4859375 0.78125 0.11875 0.046875
0 0.496875 0.75390625 0.0875 0.0375
0 0.5046875 0.73671875 0.0984375 0.028125
0 0.490625 0.721875 0.071875 0.0265625
0 0.5546875 0.7359375 0.071875 0.0359375
0 0.60625 0.75859375 0.128125 0.034375