0 0.31875 0.5234375 0.0859375 0.1125
0 0.38203125 0.3453125 0.0625 0.121875
0 0.34765625 0.2046875 0.065625 0.0875
0 0.50703125 0.3703125 0.0609375 0.065625
0 0.52421875 0.30625 0.0625 0.084375
0 0.5953125 0.621875 0.071875 0.0859375
0 0.55625 0.59921875 0.0625 0.0640625
0 0.60859375 0.22890625 0.0484375 0.1
0 0.5578125 0.23671875 0.0515625 0.0640625
0 0.71953125 0.87421875 0.0609375 0.0734375
0 0.71015625 0.82265625 0.053125 0.0578125
0 0.7046875 0.77421875 0.065625 0.0734375
0 0.66640625 0.72890625 0.0640625 0.075
0 0.63984375 0.66328125 0.0671875 0.0671875
0 0.6109375 0.52890625 0.059375 0.0578125
0 0.55703125 0.4328125 0.059375 0.065625
0 0.5703125 0.48671875 0.0578125 0.053125
0 0.52890625 0.521875 0.04375 0.1
0 0.55703125 0.54140625 0.05625 0.059375
0 0.67265625 0.53046875 0.05 0.0796875
0 0.6078125 0.453125 0.053125 0.078125
0 0.675 0.6 0.05 0.06875
0 0.61640625 0.36875 0.059375 0.1
0 0.4640625 0.45390625 0.0625 0.0578125
0 0.5078125 0.42734375 0.0609375 0.0984375
0 0.640625 0.42734375 0.04375 0.0546875
0 0.64140625 0.53203125 0.04375 0.059375
0 0.753125 0.890625 0.0484375 0.08125