0 0.184375 0.63046875 0.05625 0.1171875
0 0.4109375 0.465625 0.078125 0.0828125
0 0.38046875 0.50390625 0.05 0.0765625
0 0.3421875 0.51015625 0.03125 0.05625
0 0.275 0.40625 0.05 0.1015625
0 0.23671875 0.48515625 0.04375 0.0671875
0 0.24765625 0.53046875 0.046875 0.1
0 0.2484375 0.775 0.0390625 0.0578125
0 0.2578125 0.5671875 0.04375 0.0578125
0 0.25390625 0.62109375 0.05 0.1046875
0 0.23203125 0.62109375 0.0578125 0.13125
0 0.27421875 0.496875 0.0484375 0.115625
0 0.2828125 0.5125 0.04375 0.115625