0 0.63671875 0.56328125 0.08125 0.084375
0 0.65625 0.41328125 0.03125 0.08125
0 0.80703125 0.465625 0.0421875 0.0984375
0 0.771875 0.5015625 0.0375 0.1140625
0 0.728125 0.56953125 0.065625 0.0765625
0 0.72421875 0.3359375 0.034375 0.1015625
0 0.79296875 0.2875 0.075 0.09375
0 0.76015625 0.26484375 0.0484375 0.0640625
0 0.76328125 0.3703125 0.04375 0.1328125
0 0.73125 0.40703125 0.028125 0.0703125
0 0.74453125 0.440625 0.03125 0.09375
0 0.72578125 0.48515625 0.0265625 0.0890625
0 0.6859375 0.51953125 0.0578125 0.0671875
0 0.7078125 0.390625 0.021875 0.090625