0 0.74609375 0.403125 0.0734375 0.05625
0 0.7578125 0.5375 0.0703125 0.0609375
0 0.63828125 0.57890625 0.06015625 0.06015625
0 0.71015625 0.6390625 0.10859375 0.0375
0 0.54140625 0.56171875 0.05234375 0.046875
0 0.58671875 0.54921875 0.07109375 0.04453125
0 0.5890625 0.5984375 0.07265625 0.03984375
0 0.55390625 0.63671875 0.071875 0.04296875
0 0.53828125 0.60390625 0.0953125 0.03125
0 0.44921875 0.5984375 0.07890625 0.05078125
0 0.37421875 0.59921875 0.06953125 0.05703125
0 0.4078125 0.6390625 0.0796875 0.03125
0 0.459375 0.6515625 0.0515625 0.03359375
0 0.2890625 0.6265625 0.10625 0.0375
0 0.31171875 0.65 0.07890625 0.0296875
0 0.15625 0.6421875 0.09765625 0.034375
0 0.05703125 0.6375 0.10546875 0.0390625