0 0.415625 0.0296875 0.065625 0.059375
0 0.4125 0.21640625 0.0609375 0.0828125
0 0.4546875 0.30390625 0.05 0.0984375
0 0.36015625 0.28203125 0.040625 0.078125
0 0.43984375 0.46015625 0.04375 0.096875
0 0.409375 0.4109375 0.05625 0.0890625
0 0.36328125 0.44609375 0.053125 0.1109375
0 0.37421875 0.3625 0.0625 0.08125
0 0.421875 0.5484375 0.0609375 0.0734375
0 0.39140625 0.69375 0.059375 0.084375
0 0.45 0.68125 0.065625 0.078125
0 0.525 0.7265625 0.0453125 0.1140625
0 0.34921875 0.66015625 0.078125 0.1125
0 0.578125 0.28046875 0.0515625 0.078125
0 0.65390625 0.30703125 0.0609375 0.08125
0 0.68515625 0.4796875 0.0546875 0.0484375
0 0.5328125 0.21796875 0.05625 0.0890625
0 0.3984375 0.50390625 0.0578125 0.0953125