0 0.5578125 0.50546875 0.0828125 0.1359375
0 0.2640625 0.70390625 0.05625 0.1015625
0 0.36484375 0.5296875 0.065625 0.0578125
0 0.365625 0.59375 0.028125 0.0484375
0 0.40078125 0.665625 0.0203125 0.040625
0 0.28828125 0.46953125 0.0515625 0.0703125
0 0.22890625 0.575 0.0546875 0.0625
0 0.328125 0.56875 0.0328125 0.1015625
0 0.2890625 0.62734375 0.03125 0.065625
0 0.25546875 0.475 0.0484375 0.0671875
0 0.259375 0.52734375 0.034375 0.0515625
0 0.28671875 0.53203125 0.0296875 0.0625
0 0.30625 0.58125 0.0375 0.090625
0 0.2453125 0.7921875 0.0703125 0.0671875
0 0.35859375 0.9515625 0.0359375 0.0453125
0 0.359375 0.86875 0.040625 0.0453125