0 0.38984375 0.36953125 0.09453125 0.0484375
0 0.68125 0.415625 0.1046875 0.04609375
0 0.42421875 0.5421875 0.084375 0.06015625
0 0.565625 0.5140625 0.07265625 0.03828125
0 0.26328125 0.56875 0.06953125 0.04296875
0 0.0453125 0.640625 0.08359375 0.05390625
0 0.140625 0.6390625 0.06875 0.0546875
0 0.19296875 0.634375 0.06171875 0.04453125
0 0.31796875 0.59921875 0.065625 0.05703125
0 0.3765625 0.615625 0.06484375 0.05078125
0 0.45390625 0.60390625 0.0609375 0.053125
0 0.56484375 0.5828125 0.0546875 0.0453125
0 0.5421875 0.621875 0.046875 0.0609375
0 0.7390625 0.609375 0.08125 0.04296875
0 0.6265625 0.60703125 0.05078125 0.04375
0 0.640625 0.6578125 0.0921875 0.03203125
0 0.4203125 0.65390625 0.078125 0.03125
0 0.284375 0.6421875 0.0796875 0.03671875
0 0.328125 0.6515625 0.05625 0.0296875
0 0.75859375 0.52734375 0.0875 0.04765625