0 0.1390625 0.44765625 0.090625 0.1796875
0 0.909375 0.16640625 0.0703125 0.1265625
0 0.7890625 0.07421875 0.0765625 0.134375
0 0.665625 0.30859375 0.0453125 0.0875
0 0.6640625 0.4171875 0.034375 0.0734375
0 0.759375 0.2984375 0.05 0.084375
0 0.7828125 0.55703125 0.046875 0.071875
0 0.765625 0.503125 0.0484375 0.1140625
0 0.7015625 0.29375 0.0484375 0.1328125
0 0.66015625 0.0671875 0.0265625 0.0484375
0 0.721875 0.390625 0.040625 0.065625
0 0.7125 0.35703125 0.0390625 0.0609375
0 0.71953125 0.46875 0.034375 0.078125
0 0.703125 0.4390625 0.0296875 0.090625
0 0.65625 0.4765625 0.05 0.0453125