0 0.40625 0.484375 0.0765625 0.0859375
0 0.4546875 0.78828125 0.05625 0.0953125
0 0.47734375 0.87578125 0.0546875 0.0859375
0 0.32578125 0.496875 0.08125 0.1109375
0 0.29296875 0.6796875 0.0375 0.075
0 0.24765625 0.7265625 0.0453125 0.115625
0 0.24140625 0.6234375 0.0421875 0.1109375
0 0.271875 0.59453125 0.05 0.1296875
0 0.28203125 0.56328125 0.0390625 0.109375
0 0.3 0.57421875 0.046875 0.134375
0 0.18515625 0.784375 0.09375 0.1953125
0 0.2140625 0.571875 0.0671875 0.1390625
0 0.1984375 0.56875 0.065625 0.14375
0 0.3515625 0.83515625 0.028125 0.0484375
0 0.38046875 0.9 0.0328125 0.0609375
0 0.3640625 0.93828125 0.0390625 0.0734375
0 0.38359375 0.57578125 0.0484375 0.065625
0 0.246875 0.4890625 0.05 0.109375