0 0.4671875 0.5765625 0.07890625 0.07265625
0 0.50625 0.60390625 0.06484375 0.05703125
0 0.4640625 0.66875 0.06953125 0.065625
0 0.5265625 0.65859375 0.0390625 0.05625
0 0.55546875 0.7125 0.07578125 0.02890625
0 0.703125 0.78828125 0.14453125 0.04140625
0 0.58515625 0.78359375 0.08671875 0.05
0 0.47890625 0.78828125 0.09921875 0.05078125
0 0.65 0.73671875 0.09140625 0.03125
0 0.571875 0.740625 0.12265625 0.0265625
0 0.44609375 0.7265625 0.08828125 0.0625
0 0.41484375 0.78125 0.0734375 0.04140625
0 0.553125 0.68125 0.07890625 0.0328125
0 0.82421875 0.7 0.05234375 0.02265625