0 0.6578125 0.803125 0.115625 0.046875
0 0.47421875 0.59140625 0.078125 0.0734375
0 0.5140625 0.61875 0.0734375 0.0453125
0 0.5234375 0.65625 0.0546875 0.0265625
0 0.42578125 0.7328125 0.1 0.0421875
0 0.50859375 0.76328125 0.065625 0.0390625
0 0.55234375 0.74921875 0.1 0.0390625
0 0.79609375 0.7265625 0.05625 0.034375
0 0.58828125 0.73515625 0.0546875 0.0390625
0 0.6421875 0.73515625 0.103125 0.0421875
0 0.64453125 0.75625 0.1296875 0.046875
0 0.51640625 0.725 0.1140625 0.0390625
0 0.53125 0.715625 0.115625 0.034375