0 0.734375 0.453125 0.084375 0.0375
0 0.64921875 0.44609375 0.0796875 0.0546875
0 0.64921875 0.5078125 0.0453125 0.0578125
0 0.69296875 0.48515625 0.0859375 0.040625
0 0.43125 0.40078125 0.075 0.04375
0 0.4390625 0.4546875 0.0765625 0.05625
0 0.64921875 0.54921875 0.05 0.0578125
0 0.725 0.61328125 0.0484375 0.0546875
0 0.72578125 0.64765625 0.0609375 0.04375
0 0.54609375 0.5765625 0.0515625 0.0515625
0 0.5390625 0.6578125 0.0640625 0.0421875
0 0.5109375 0.6140625 0.084375 0.04375
0 0.4328125 0.55859375 0.0953125 0.0359375
0 0.3578125 0.5625 0.0453125 0.0578125
0 0.07265625 0.58203125 0.0765625 0.0640625
0 0.1234375 0.59140625 0.0578125 0.059375
0 0.1765625 0.596875 0.08125 0.053125
0 0.33046875 0.60859375 0.103125 0.0453125
0 0.39765625 0.60859375 0.0734375 0.0484375
0 0.31640625 0.634375 0.046875 0.0328125
0 0.37578125 0.64453125 0.0546875 0.028125