0 0.45546875 0.49140625 0.0625 0.0796875
0 0.41875 0.46875 0.0765625 0.084375
0 0.3359375 0.4296875 0.053125 0.06875
0 0.3125 0.4921875 0.05 0.0578125
0 0.32109375 0.5265625 0.040625 0.06875
0 0.2921875 0.42421875 0.065625 0.1125
0 0.25 0.3859375 0.046875 0.0890625
0 0.25078125 0.52734375 0.0390625 0.103125
0 0.28203125 0.5234375 0.0375 0.09375
0 0.26640625 0.63984375 0.040625 0.090625
0 0.2390625 0.71484375 0.0359375 0.0546875
0 0.24921875 0.61640625 0.0359375 0.084375
0 0.2359375 0.60859375 0.03125 0.0953125
0 0.22578125 0.609375 0.040625 0.1203125
0 0.20859375 0.57734375 0.04375 0.115625
0 0.17734375 0.6859375 0.065625 0.1359375
0 0.18203125 0.5015625 0.0609375 0.090625
0 0.1578125 0.59765625 0.0609375 0.1296875
0 0.2625 0.7953125 0.0296875 0.0625
0 0.290625 0.81953125 0.0421875 0.071875