0 0.44296875 0.24140625 0.0671875 0.08125
0 0.57734375 0.2515625 0.071875 0.0796875
0 0.59921875 0.37578125 0.0671875 0.0671875
0 0.6703125 0.3140625 0.0546875 0.1140625
0 0.5671875 0.46875 0.0546875 0.059375
0 0.5625 0.421875 0.0546875 0.078125
0 0.6109375 0.42734375 0.0515625 0.078125
0 0.64375 0.46796875 0.0546875 0.078125
0 0.60859375 0.478125 0.0453125 0.0984375
0 0.5890625 0.565625 0.0609375 0.084375
0 0.578125 0.63984375 0.065625 0.0765625
0 0.62265625 0.6125 0.04375 0.084375
0 0.64296875 0.5640625 0.0421875 0.05625
0 0.5921875 0.728125 0.053125 0.1109375
0 0.61875 0.709375 0.0421875 0.08125
0 0.58671875 0.86171875 0.0484375 0.1015625
0 0.56640625 0.9515625 0.0546875 0.096875