0 0.884375 0.32734375 0.1109375 0.04609375
0 0.853125 0.4453125 0.0984375 0.04453125
0 0.715625 0.434375 0.09140625 0.04609375
0 0.88359375 0.56015625 0.1046875 0.0265625
0 0.5984375 0.53984375 0.08515625 0.03984375
0 0.7359375 0.61015625 0.07890625 0.0484375
0 0.259375 0.5734375 0.09453125 0.05078125
0 0.0375 0.6296875 0.07421875 0.05078125
0 0.128125 0.63046875 0.0703125 0.04453125
0 0.19296875 0.62890625 0.06953125 0.0328125
0 0.26796875 0.63671875 0.0515625 0.04296875
0 0.26484375 0.65 0.09296875 0.03359375
0 0.36796875 0.6234375 0.07421875 0.0546875
0 0.45390625 0.61875 0.04765625 0.05625
0 0.53984375 0.62421875 0.0484375 0.04453125
0 0.5671875 0.5859375 0.05078125 0.05703125
0 0.59609375 0.61328125 0.0953125 0.03359375
0 0.671875 0.63046875 0.0625 0.05234375
0 0.74765625 0.65 0.05234375 0.03515625
0 0.5984375 0.64140625 0.071875 0.040625
0 0.42578125 0.65078125 0.1 0.03359375