0 0.49921875 0.3171875 0.10625 0.075
0 0.66796875 0.4015625 0.1203125 0.05
0 0.81171875 0.38515625 0.0828125 0.0578125
0 0.628125 0.52265625 0.0609375 0.05625
0 0.68984375 0.54765625 0.08125 0.0546875
0 0.36796875 0.5796875 0.08125 0.0640625
0 0.39453125 0.54375 0.0578125 0.05625
0 0.75625 0.64140625 0.1 0.0375
0 0.7546875 0.58984375 0.0609375 0.046875
0 0.1015625 0.671875 0.06875 0.0546875
0 0.15390625 0.66875 0.0546875 0.0484375
0 0.203125 0.66953125 0.0671875 0.059375
0 0.253125 0.6375 0.0703125 0.05625
0 0.32109375 0.61875 0.0625 0.0625
0 0.4578125 0.60625 0.053125 0.0546875
0 0.559375 0.56484375 0.0609375 0.0546875
0 0.5046875 0.57109375 0.0484375 0.0546875
0 0.47421875 0.5265625 0.0984375 0.03125
0 0.45234375 0.5515625 0.0546875 0.0515625
0 0.4484375 0.66796875 0.0765625 0.0421875
0 0.5328125 0.6125 0.075 0.0453125
0 0.3796875 0.66171875 0.065625 0.04375
0 0.615625 0.63125 0.096875 0.0484375
0 0.55 0.46953125 0.0515625 0.0578125
0 0.57109375 0.5171875 0.0953125 0.0515625
0 0.5546875 0.6484375 0.0515625 0.0390625
0 0.45078125 0.63671875 0.05625 0.0375
0 0.08125 0.703125 0.0796875 0.040625