0 0.73671875 0.46640625 0.0734375 0.04921875
0 0.63671875 0.5140625 0.08203125 0.0390625
0 0.54296875 0.525 0.06171875 0.053125
0 0.56171875 0.58203125 0.040625 0.05234375
0 0.73046875 0.6109375 0.0671875 0.0375
0 0.7703125 0.64375 0.06484375 0.040625
0 0.62734375 0.6078125 0.0765625 0.034375
0 0.6359375 0.64140625 0.0484375 0.04296875
0 0.5328125 0.6296875 0.04453125 0.0421875
0 0.578125 0.65078125 0.03984375 0.0296875
0 0.478125 0.60703125 0.0640625 0.040625
0 0.41484375 0.67265625 0.08828125 0.03046875
0 0.42421875 0.64765625 0.10625 0.0328125
0 0.34453125 0.59765625 0.08359375 0.04296875
0 0.321875 0.64765625 0.034375 0.02890625
0 0.28125 0.6140625 0.0390625 0.04140625
0 0.23046875 0.61171875 0.05390625 0.04140625
0 0.184375 0.62734375 0.03671875 0.05
0 0.1390625 0.62734375 0.04453125 0.0453125
0 0.06953125 0.63046875 0.075 0.04375
0 0.26328125 0.6484375 0.0703125 0.02578125
0 0.4265625 0.58984375 0.05078125 0.04609375