0 0.5125 0.48125 0.0890625 0.084375
0 0.346875 0.653125 0.0640625 0.1140625
0 0.35859375 0.52578125 0.03125 0.053125
0 0.19375 0.95546875 0.0421875 0.078125
0 0.20078125 0.78671875 0.0328125 0.0796875
0 0.1859375 0.45078125 0.08125 0.14375
0 0.20546875 0.528125 0.0578125 0.1375
0 0.2296875 0.67109375 0.0640625 0.090625
0 0.234375 0.7421875 0.0390625 0.05625
0 0.28984375 0.4640625 0.065625 0.0875
0 0.3328125 0.52734375 0.034375 0.0625
0 0.33515625 0.57421875 0.0328125 0.075
0 0.321875 0.5703125 0.028125 0.0640625
0 0.284375 0.625 0.028125 0.0671875
0 0.2890625 0.71796875 0.0328125 0.0515625
0 0.30390625 0.70703125 0.0296875 0.0796875
0 0.28515625 0.553125 0.0234375 0.071875
0 0.3015625 0.58828125 0.0234375 0.0734375
0 0.253125 0.5921875 0.0328125 0.0828125
0 0.27109375 0.58359375 0.0234375 0.084375
0 0.25546875 0.48359375 0.0328125 0.0828125
0 0.26953125 0.7484375 0.04375 0.071875
0 0.26171875 0.53203125 0.025 0.0515625