0 0.4625 0.91953125 0.0515625 0.053125
0 0.5109375 0.94296875 0.03125 0.053125
0 0.43671875 0.97265625 0.0453125 0.0546875
0 0.40234375 0.74609375 0.0375 0.0765625
0 0.53203125 0.7265625 0.046875 0.090625
0 0.43515625 0.6671875 0.028125 0.0921875
0 0.4671875 0.64765625 0.0453125 0.075
0 0.4890625 0.72109375 0.0375 0.0671875
0 0.49453125 0.6390625 0.0390625 0.075
0 0.5390625 0.60546875 0.053125 0.0609375
0 0.48359375 0.55546875 0.03125 0.0671875
0 0.47734375 0.4328125 0.03125 0.0890625
0 0.41875 0.55859375 0.05 0.053125
0 0.353125 0.58828125 0.028125 0.0609375
0 0.35 0.53203125 0.0421875 0.0625
0 0.41015625 0.49140625 0.046875 0.053125
0 0.39765625 0.43125 0.046875 0.0671875
0 0.371875 0.48046875 0.046875 0.0484375
0 0.34375 0.43203125 0.0421875 0.0765625
0 0.41796875 0.328125 0.04375 0.0921875
0 0.38515625 0.29609375 0.0515625 0.078125
0 0.41015625 0.109375 0.0328125 0.1046875
0 0.3328125 0.10234375 0.0484375 0.075
0 0.378125 0.11484375 0.0515625 0.071875
0 0.36875 0.17109375 0.0421875 0.0890625
0 0.3359375 0.16796875 0.053125 0.059375
0 0.33984375 0.2078125 0.0640625 0.065625
0 0.3671875 0.23984375 0.0515625 0.071875
0 0.33515625 0.2828125 0.034375 0.1109375