0 0.69453125 0.40078125 0.05625 0.0390625
0 0.71015625 0.43125 0.0625 0.0515625
0 0.934375 0.4546875 0.0515625 0.0265625
0 0.08671875 0.62109375 0.0375 0.065625
0 0.09140625 0.69296875 0.090625 0.0625
0 0.26015625 0.61796875 0.065625 0.0578125
0 0.178125 0.68671875 0.075 0.0515625
0 0.21484375 0.66875 0.053125 0.05625
0 0.2625 0.66484375 0.071875 0.0421875
0 0.571875 0.5765625 0.0640625 0.0546875
0 0.39296875 0.56171875 0.0796875 0.053125
0 0.740625 0.5828125 0.0640625 0.046875
0 0.78515625 0.5984375 0.0578125 0.05625
0 0.67109375 0.6125 0.096875 0.0421875
0 0.5875 0.6203125 0.0453125 0.0453125
0 0.45390625 0.57421875 0.0609375 0.0359375
0 0.446875 0.60703125 0.0515625 0.0453125
0 0.32109375 0.628125 0.0625 0.0515625
0 0.36015625 0.67421875 0.05 0.0375
0 0.42734375 0.6578125 0.053125 0.03125
0 0.38671875 0.63359375 0.075 0.0421875
0 0.5359375 0.61328125 0.06875 0.0578125
0 0.571875 0.64609375 0.04375 0.0296875