0 0.6875 0.6765625 0.0765625 0.03515625
0 0.43125 0.66171875 0.06484375 0.07734375
0 0.43125 0.784375 0.0984375 0.0875
0 0.43046875 0.7359375 0.05 0.059375
0 0.4703125 0.709375 0.05546875 0.05234375
0 0.51171875 0.771875 0.08125 0.03828125
0 0.62265625 0.79453125 0.08515625 0.05859375
0 0.659375 0.7734375 0.04296875 0.0390625
0 0.6859375 0.7453125 0.06484375 0.03125
0 0.6109375 0.721875 0.059375 0.02265625
0 0.58203125 0.66640625 0.05234375 0.02578125
0 0.55703125 0.69921875 0.05859375 0.02109375
0 0.54375 0.71796875 0.03203125 0.02890625
0 0.9765625 0.66328125 0.046875 0.02265625