0 0.7375 0.3734375 0.1109375 0.0671875
0 0.775 0.50078125 0.0890625 0.0515625
0 0.81171875 0.5453125 0.0859375 0.078125
0 0.8328125 0.56640625 0.0859375 0.0484375
0 0.8484375 0.6046875 0.1140625 0.0609375
0 0.753125 0.59453125 0.096875 0.0390625
0 0.66328125 0.5390625 0.0734375 0.0484375
0 0.3484375 0.5765625 0.1 0.0515625
0 0.18828125 0.68203125 0.121875 0.053125
0 0.10546875 0.675 0.090625 0.0625
0 0.3515625 0.6671875 0.09375 0.0421875
0 0.4453125 0.6125 0.0890625 0.053125
0 0.41328125 0.6453125 0.1046875 0.0546875
0 0.42109375 0.58671875 0.08125 0.06875
0 0.5203125 0.5953125 0.0609375 0.053125
0 0.55703125 0.5640625 0.0703125 0.0703125
0 0.5765625 0.621875 0.0984375 0.0546875
0 0.68671875 0.6296875 0.065625 0.0390625
0 0.25078125 0.2453125 0.0984375 0.0515625
0 0.60859375 0.5359375 0.1015625 0.0640625