0 0.4828125 0.4859375 0.0765625 0.08046875
0 0.6359375 0.66796875 0.10859375 0.053125
0 0.5109375 0.64296875 0.04921875 0.0265625
0 0.92109375 0.85234375 0.075 0.034375
0 0.75390625 0.82734375 0.07734375 0.02421875
0 0.41796875 0.80703125 0.1375 0.0671875
0 0.496875 0.79609375 0.13359375 0.04296875
0 0.6421875 0.78671875 0.0859375 0.0546875
0 0.71328125 0.78984375 0.05234375 0.03359375
0 0.4421875 0.70546875 0.08203125 0.0578125
0 0.509375 0.66875 0.059375 0.02890625
0 0.55625 0.671875 0.0734375 0.02421875
0 0.5515625 0.684375 0.0625 0.02265625
0 0.6015625 0.72734375 0.06640625 0.021875
0 0.69453125 0.7328125 0.0484375 0.02734375
0 0.68515625 0.71640625 0.07734375 0.02265625
0 0.53046875 0.71953125 0.0703125 0.01640625
0 0.5671875 0.70625 0.071875 0.015625
0 0.565625 0.75546875 0.08125 0.02421875
0 0.559375 0.73671875 0.0828125 0.01640625
0 0.4578125 0.74140625 0.08046875 0.02578125
0 0.72265625 0.75546875 0.06875 0.0375
0 0.50703125 0.740625 0.05078125 0.0203125