0 0.55234375 0.503125 0.0625 0.0984375
0 0.63671875 0.45546875 0.03125 0.0484375
0 0.675 0.4453125 0.021875 0.0640625
0 0.6765625 0.521875 0.0375 0.0671875
0 0.7453125 0.48515625 0.040625 0.0625
0 0.7234375 0.56875 0.0421875 0.078125
0 0.7765625 0.57109375 0.05 0.06875
0 0.77578125 0.38515625 0.0359375 0.0984375
0 0.8125 0.25 0.05625 0.046875
0 0.72265625 0.4046875 0.0328125 0.0765625
0 0.73984375 0.33984375 0.034375 0.09375
0 0.7484375 0.37109375 0.028125 0.0890625
0 0.76171875 0.246875 0.034375 0.0921875
0 0.703125 0.07421875 0.034375 0.040625
0 0.690625 0.15078125 0.0328125 0.0671875