0 0.6203125 0.396875 0.08828125 0.04453125
0 0.95859375 0.453125 0.06953125 0.04921875
0 0.9390625 0.50859375 0.0609375 0.06015625
0 0.2828125 0.4140625 0.06171875 0.05390625
0 0.496875 0.49375 0.11875 0.0328125
0 0.3640625 0.5640625 0.09921875 0.034375
0 0.2703125 0.578125 0.08359375 0.04453125
0 0.0921875 0.63515625 0.06171875 0.0421875
0 0.140625 0.62265625 0.05234375 0.053125
0 0.1921875 0.63671875 0.05625 0.05078125
0 0.2578125 0.63515625 0.078125 0.03984375
0 0.48203125 0.57734375 0.04765625 0.05234375
0 0.5640625 0.5828125 0.06796875 0.046875
0 0.51171875 0.59921875 0.03671875 0.04609375
0 0.44140625 0.60859375 0.053125 0.0578125
0 0.41953125 0.6484375 0.06015625 0.03359375
0 0.51171875 0.65859375 0.10703125 0.03046875
0 0.540625 0.61796875 0.03984375 0.046875
0 0.609375 0.64453125 0.04921875 0.046875
0 0.684375 0.61875 0.04140625 0.05546875
0 0.740625 0.6109375 0.0625 0.0359375
0 0.77578125 0.63203125 0.0953125 0.03515625