0 0.5015625 0.565625 0.0984375 0.0640625
0 0.459375 0.5875 0.0984375 0.071875
0 0.50859375 0.63203125 0.090625 0.0515625
0 0.78046875 0.753125 0.065625 0.0328125
0 0.378125 0.72734375 0.0921875 0.0671875
0 0.4421875 0.6625 0.075 0.0703125
0 0.41953125 0.6984375 0.084375 0.0546875
0 0.525 0.71484375 0.0828125 0.0375
0 0.503125 0.72109375 0.084375 0.0359375
0 0.45625 0.77890625 0.115625 0.0515625
0 0.45078125 0.7609375 0.11875 0.05625
0 0.49375 0.75625 0.1046875 0.0515625
0 0.48125 0.82109375 0.071875 0.06875
0 0.634375 0.85625 0.1265625 0.0765625
0 0.55390625 0.8125 0.1171875 0.0671875
0 0.66953125 0.82421875 0.140625 0.0625
0 0.6515625 0.78515625 0.09375 0.053125