0 0.76640625 0.240625 0.0640625 0.0578125
0 0.87421875 0.14140625 0.0875 0.0578125
0 0.30859375 0.3484375 0.0640625 0.0515625
0 0.36796875 0.3625 0.090625 0.065625
0 0.68203125 0.390625 0.096875 0.0765625
0 0.103125 0.7234375 0.0984375 0.0671875
0 0.171875 0.69765625 0.059375 0.065625
0 0.2296875 0.7 0.0765625 0.071875
0 0.27734375 0.625 0.0796875 0.06875
0 0.27265625 0.67734375 0.103125 0.065625
0 0.353125 0.61171875 0.078125 0.0828125
0 0.44296875 0.57578125 0.0796875 0.0625
0 0.453125 0.61171875 0.0875 0.0578125
0 0.57890625 0.56328125 0.05625 0.05625
0 0.509375 0.55078125 0.0796875 0.05
0 0.55234375 0.509375 0.103125 0.046875
0 0.7234375 0.52734375 0.065625 0.0640625
0 0.7453125 0.5640625 0.071875 0.046875
0 0.675 0.55703125 0.0640625 0.0640625
0 0.8625 0.5859375 0.1 0.046875
0 0.61875 0.578125 0.0515625 0.05
0 0.6375 0.62265625 0.059375 0.0453125
0 0.57734375 0.6125 0.059375 0.05625
0 0.53828125 0.5859375 0.04375 0.0546875
0 0.50390625 0.58984375 0.05 0.0546875
0 0.5734375 0.646875 0.065625 0.0375
0 0.41953125 0.68515625 0.096875 0.0421875
0 0.3390625 0.690625 0.075 0.0390625
0 0.45 0.659375 0.0671875 0.034375