0 0.75 0.396875 0.0875 0.046875
0 0.79921875 0.43203125 0.0765625 0.04609375
0 0.43828125 0.51171875 0.08359375 0.0328125
0 0.6265625 0.52421875 0.06953125 0.04609375
0 0.72421875 0.56484375 0.06640625 0.046875
0 0.71171875 0.5921875 0.0984375 0.03359375
0 0.70234375 0.65703125 0.0765625 0.03046875
0 0.52421875 0.53671875 0.078125 0.0234375
0 0.5546875 0.5703125 0.04296875 0.04609375
0 0.5859375 0.5984375 0.0703125 0.0453125
0 0.515625 0.64453125 0.05234375 0.046875
0 0.4671875 0.5703125 0.07265625 0.0328125
0 0.4328125 0.54453125 0.0578125 0.04140625
0 0.38671875 0.54609375 0.053125 0.05
0 0.34296875 0.53515625 0.06171875 0.05390625
0 0.4 0.60546875 0.078125 0.046875
0 0.4484375 0.59375 0.06953125 0.0515625
0 0.3953125 0.65703125 0.0453125 0.0203125
0 0.39765625 0.63359375 0.07734375 0.03984375
0 0.2390625 0.63359375 0.053125 0.04375
0 0.0703125 0.634375 0.09140625 0.04921875
0 0.16015625 0.64296875 0.0984375 0.02578125
0 0.6 0.63515625 0.046875 0.053125
0 0.634375 0.653125 0.06015625 0.0328125