0 0.8078125 0.290625 0.0578125 0.0484375
0 0.93046875 0.2125 0.0828125 0.0453125
0 0.33828125 0.3171875 0.0578125 0.0421875
0 0.39375 0.3421875 0.0828125 0.053125
0 0.6984375 0.4234375 0.0875 0.0625
0 0.0703125 0.65078125 0.0921875 0.053125
0 0.14296875 0.6375 0.05 0.0578125
0 0.1984375 0.65 0.0671875 0.0609375
0 0.259375 0.584375 0.0703125 0.059375
0 0.2453125 0.634375 0.096875 0.05
0 0.3359375 0.584375 0.06875 0.071875
0 0.43046875 0.56484375 0.0734375 0.0515625
0 0.434375 0.6015625 0.0828125 0.0453125
0 0.56640625 0.57578125 0.0484375 0.0484375
0 0.5 0.5515625 0.075 0.0390625
0 0.55 0.51875 0.1015625 0.0296875
0 0.71484375 0.565625 0.0578125 0.0546875
0 0.73046875 0.60546875 0.0671875 0.0359375
0 0.6625 0.58671875 0.05625 0.0546875
0 0.8421875 0.64765625 0.0984375 0.03125
0 0.603125 0.596875 0.0453125 0.04375
0 0.61484375 0.64453125 0.0546875 0.0359375
0 0.55703125 0.62421875 0.0515625 0.0484375
0 0.52265625 0.59140625 0.0359375 0.05
0 0.48828125 0.58984375 0.0421875 0.0484375
0 0.546875 0.65703125 0.0640625 0.0265625
0 0.38828125 0.66796875 0.09375 0.0265625
0 0.30859375 0.66015625 0.0734375 0.028125
0 0.4234375 0.6484375 0.0640625 0.0234375