0 0.54921875 0.75078125 0.059375 0.0734375
0 0.52109375 0.69921875 0.0578125 0.0984375
0 0.5015625 0.78203125 0.053125 0.115625
0 0.45859375 0.70390625 0.04375 0.084375
0 0.4453125 0.81484375 0.0453125 0.109375
0 0.44375 0.6375 0.04375 0.121875
0 0.3578125 0.85390625 0.0390625 0.1046875
0 0.33125 0.88515625 0.0578125 0.1
0 0.35859375 0.7484375 0.040625 0.09375
0 0.38671875 0.59453125 0.04375 0.10625
0 0.428125 0.53203125 0.0515625 0.0578125
0 0.35390625 0.55546875 0.0546875 0.0875
0 0.40546875 0.440625 0.046875 0.078125
0 0.403125 0.33203125 0.04375 0.10625
0 0.4046875 0.075 0.05625 0.0859375
0 0.39375 0.15703125 0.053125 0.071875
0 0.38046875 0.2625 0.05 0.090625
0 0.37578125 0.37890625 0.0421875 0.046875