0 0.3203125 0.34296875 0.05625 0.075
0 0.4109375 0.32109375 0.0625 0.1171875
0 0.5296875 0.72734375 0.05625 0.09375
0 0.490625 0.2734375 0.0359375 0.0875
0 0.51953125 0.39921875 0.059375 0.059375
0 0.56015625 0.33515625 0.0421875 0.084375
0 0.58359375 0.2609375 0.0484375 0.090625
0 0.56640625 0.13359375 0.046875 0.1
0 0.61875 0.215625 0.0421875 0.090625
0 0.63125 0.30625 0.0359375 0.0625
0 0.5765625 0.425 0.0515625 0.065625
0 0.58671875 0.51640625 0.0609375 0.08125
0 0.6125 0.725 0.05625 0.0578125
0 0.67421875 0.8375 0.053125 0.065625
0 0.6734375 0.77734375 0.05625 0.078125
0 0.61171875 0.5578125 0.053125 0.0765625
0 0.6734375 0.6796875 0.05 0.078125
0 0.67265625 0.634375 0.0484375 0.0828125
0 0.6640625 0.57421875 0.053125 0.078125
0 0.6359375 0.4625 0.0390625 0.046875
0 0.64296875 0.42578125 0.0296875 0.0625