0 0.64609375 0.41171875 0.0625 0.1
0 0.5546875 0.6921875 0.0625 0.1109375
0 0.4703125 0.41875 0.071875 0.0921875
0 0.47578125 0.5625 0.0484375 0.0765625
0 0.46875 0.25546875 0.0546875 0.075
0 0.43125 0.0375 0.065625 0.075
0 0.41875 0.1234375 0.0640625 0.0765625
0 0.415625 0.17578125 0.053125 0.06875
0 0.43046875 0.3046875 0.065625 0.0734375
0 0.40546875 0.36015625 0.059375 0.071875
0 0.4046875 0.43828125 0.0625 0.06875
0 0.4078125 0.55078125 0.053125 0.0609375
0 0.37265625 0.52265625 0.0671875 0.05625
0 0.3546875 0.71875 0.05625 0.0875
0 0.37421875 0.60859375 0.0515625 0.05625
0 0.321875 0.6140625 0.0453125 0.0953125
0 0.36015625 0.396875 0.04375 0.0828125
0 0.39296875 0.26484375 0.05 0.084375
0 0.37734375 0.30625 0.0375 0.0609375
0 0.4328125 0.75078125 0.059375 0.09375