0 0.54921875 0.56875 0.0609375 0.034375
0 0.6515625 0.7046875 0.09375 0.0421875
0 0.65703125 0.7609375 0.0921875 0.0625
0 0.671875 0.79921875 0.13046875 0.0515625
0 0.5421875 0.67265625 0.0671875 0.0265625
0 0.553125 0.68359375 0.05390625 0.0234375
0 0.56875 0.69765625 0.06953125 0.0203125
0 0.54921875 0.70078125 0.07421875 0.01796875
0 0.5234375 0.71640625 0.05546875 0.0171875
0 0.58515625 0.72578125 0.0765625 0.025
0 0.52578125 0.73125 0.078125 0.0171875
0 0.50390625 0.746875 0.0625 0.0265625
0 0.45078125 0.73671875 0.08828125 0.021875
0 0.7453125 0.7546875 0.0625 0.0515625
0 0.84296875 0.690625 0.046875 0.0203125
0 0.946875 0.7046875 0.06015625 0.0265625