0 0.184375 0.5890625 0.0640625 0.06875
0 0.24140625 0.23046875 0.0703125 0.08125
0 0.35234375 0.34765625 0.065625 0.0875
0 0.384375 0.34296875 0.04375 0.0796875
0 0.409375 0.36328125 0.05 0.0828125
0 0.62265625 0.825 0.0625 0.0859375
0 0.60859375 0.71328125 0.075 0.090625
0 0.70625 0.88515625 0.065625 0.06875
0 0.709375 0.83671875 0.059375 0.05625
0 0.690625 0.78046875 0.053125 0.059375
0 0.68046875 0.72734375 0.0453125 0.0703125
0 0.7078125 0.7265625 0.046875 0.0796875
0 0.68828125 0.65546875 0.040625 0.0640625
0 0.66484375 0.60234375 0.0578125 0.0625
0 0.61328125 0.5390625 0.0625 0.0546875
0 0.6109375 0.4515625 0.053125 0.0671875
0 0.63671875 0.50078125 0.04375 0.0796875
0 0.65703125 0.471875 0.046875 0.0765625
0 0.521875 0.51328125 0.0390625 0.059375
0 0.4875 0.34375 0.034375 0.0765625
0 0.528125 0.44609375 0.0328125 0.06875
0 0.55546875 0.43671875 0.053125 0.040625
0 0.5171875 0.32109375 0.0515625 0.078125
0 0.50546875 0.371875 0.028125 0.05
0 0.540625 0.37421875 0.0578125 0.05
0 0.55078125 0.24140625 0.04375 0.084375
0 0.56328125 0.33125 0.059375 0.096875
0 0.59140625 0.40703125 0.05625 0.0546875
0 0.61875 0.353125 0.05 0.0578125
0 0.609375 0.30703125 0.05 0.0578125
0 0.5921875 0.2640625 0.0578125 0.0734375
0 0.58203125 0.18984375 0.0609375 0.0984375