0 0.78125 0.68125 0.0703125 0.090625
0 0.6765625 0.94296875 0.0578125 0.0703125
0 0.57265625 0.81171875 0.0640625 0.0890625
0 0.47734375 0.85546875 0.0734375 0.1
0 0.58125 0.6859375 0.053125 0.0578125
0 0.53203125 0.70078125 0.053125 0.0734375
0 0.53203125 0.60546875 0.0515625 0.0984375
0 0.546875 0.559375 0.05 0.0859375
0 0.5078125 0.6515625 0.034375 0.0828125
0 0.49765625 0.57265625 0.0265625 0.0578125
0 0.4703125 0.578125 0.0453125 0.0890625
0 0.43359375 0.75 0.05 0.05
0 0.41875 0.6546875 0.053125 0.071875
0 0.4265625 0.57265625 0.053125 0.0609375
0 0.41015625 0.6203125 0.05625 0.0640625
0 0.37265625 0.5984375 0.05 0.05
0 0.3890625 0.6796875 0.03125 0.053125
0 0.41328125 0.34140625 0.0671875 0.0859375
0 0.3875 0.44609375 0.0453125 0.084375
0 0.359375 0.3890625 0.0515625 0.05625
0 0.3734375 0.26796875 0.05625 0.05625
0 0.3421875 0.45625 0.046875 0.0796875
0 0.3265625 0.40078125 0.0375 0.0578125
0 0.32109375 0.27578125 0.0515625 0.0671875
0 0.30859375 0.22734375 0.05625 0.065625
0 0.29609375 0.18671875 0.0546875 0.0546875
0 0.2875 0.1171875 0.0515625 0.065625