0 0.4390625 0.5171875 0.084375 0.1046875
0 0.3671875 0.54453125 0.0515625 0.059375
0 0.31484375 0.7359375 0.046875 0.065625
0 0.33515625 0.7765625 0.05 0.0859375
0 0.36171875 0.82734375 0.071875 0.1359375
0 0.33828125 0.621875 0.0390625 0.071875
0 0.3390625 0.69453125 0.0328125 0.046875
0 0.39765625 0.97265625 0.0359375 0.0515625
0 0.39921875 0.88828125 0.034375 0.0515625
0 0.2359375 0.83359375 0.0640625 0.0890625
0 0.1859375 0.82890625 0.078125 0.1109375
0 0.21171875 0.51328125 0.0578125 0.0859375
0 0.29140625 0.55546875 0.04375 0.0765625
0 0.28125 0.6921875 0.05625 0.1078125
0 0.2984375 0.65859375 0.0625 0.10625
0 0.334375 0.56015625 0.0671875 0.078125
0 0.25390625 0.73984375 0.065625 0.0984375
0 0.26796875 0.80546875 0.0484375 0.0859375
0 0.590625 0.6390625 0.046875 0.0875
0 0.13125 0.95625 0.06875 0.0875