0 0.434375 0.50078125 0.0640625 0.0984375
0 0.41328125 0.4578125 0.0734375 0.0984375
0 0.36796875 0.50625 0.053125 0.0921875
0 0.24140625 0.77578125 0.034375 0.065625
0 0.27421875 0.3734375 0.06875 0.0921875
0 0.3390625 0.4390625 0.071875 0.0765625
0 0.303125 0.415625 0.05625 0.084375
0 0.284375 0.52109375 0.0390625 0.0828125
0 0.27890625 0.49921875 0.0375 0.084375
0 0.221875 0.4515625 0.053125 0.115625
0 0.23984375 0.44609375 0.0578125 0.11875
0 0.24453125 0.48984375 0.053125 0.1046875
0 0.17890625 0.47578125 0.0703125 0.0734375
0 0.14140625 0.628125 0.078125 0.128125
0 0.1859375 0.5484375 0.06875 0.11875
0 0.17265625 0.6640625 0.065625 0.140625
0 0.2125 0.646875 0.0546875 0.09375