0 0.2328125 0.3140625 0.0640625 0.0703125
0 0.36875 0.22890625 0.075 0.1046875
0 0.40859375 0.3734375 0.05625 0.09375
0 0.5390625 0.88046875 0.053125 0.0921875
0 0.57265625 0.9421875 0.06875 0.0625
0 0.58046875 0.89609375 0.0578125 0.0640625
0 0.58984375 0.81953125 0.0625 0.0546875
0 0.54296875 0.7375 0.0484375 0.08125
0 0.57109375 0.68359375 0.046875 0.09375
0 0.60234375 0.73515625 0.06875 0.05625
0 0.6140625 0.6953125 0.04375 0.0796875
0 0.63984375 0.70703125 0.0359375 0.05625
0 0.634375 0.67734375 0.0296875 0.0453125
0 0.6515625 0.6125 0.0421875 0.0875
0 0.58828125 0.58046875 0.0515625 0.0625
0 0.57890625 0.54765625 0.0515625 0.04375
0 0.5203125 0.521875 0.0375 0.053125
0 0.52734375 0.42109375 0.0421875 0.0875
0 0.5875 0.42890625 0.0609375 0.05
0 0.578125 0.46640625 0.0484375 0.0515625
0 0.59375 0.5109375 0.0578125 0.0453125
0 0.621875 0.48125 0.0515625 0.0390625
0 0.65078125 0.47265625 0.0515625 0.0703125
0 0.63359375 0.38828125 0.05625 0.053125
0 0.63984375 0.28046875 0.0515625 0.0859375
0 0.6265625 0.58671875 0.0390625 0.0625
0 0.65703125 0.1515625 0.046875 0.0859375
0 0.696875 0.196875 0.05 0.0953125