0 0.68984375 0.42890625 0.0953125 0.04140625
0 0.65546875 0.40234375 0.09296875 0.0390625
0 0.590625 0.41953125 0.09921875 0.05
0 0.6625 0.56015625 0.046875 0.05703125
0 0.7453125 0.609375 0.0890625 0.04609375
0 0.57734375 0.5890625 0.0828125 0.0671875
0 0.5453125 0.61328125 0.0671875 0.04765625
0 0.48125 0.57734375 0.0796875 0.06171875
0 0.46015625 0.61328125 0.06796875 0.0546875
0 0.275 0.57421875 0.09609375 0.04296875
0 0.3015625 0.6078125 0.09140625 0.05078125
0 0.06484375 0.6390625 0.12890625 0.040625
0 0.140625 0.62734375 0.090625 0.04453125
0 0.20390625 0.634375 0.0765625 0.06328125
0 0.3484375 0.64765625 0.08671875 0.06171875
0 0.4 0.65234375 0.0921875 0.0328125
0 0.65078125 0.65703125 0.084375 0.028125
0 0.6046875 0.6453125 0.07109375 0.03984375