0 0.509375 0.5625 0.0984375 0.075
0 0.528125 0.63671875 0.05625 0.0453125
0 0.71171875 0.7125 0.0625 0.040625
0 0.7546875 0.696875 0.084375 0.040625
0 0.8078125 0.67734375 0.1328125 0.0578125
0 0.60078125 0.67578125 0.0703125 0.0328125
0 0.6734375 0.68359375 0.04375 0.028125
0 0.95703125 0.659375 0.05 0.03125
0 0.87265625 0.646875 0.05 0.0296875
0 0.79921875 0.80234375 0.0859375 0.0546875
0 0.78828125 0.8515625 0.1046875 0.065625
0 0.478125 0.7875 0.08125 0.0484375
0 0.5296875 0.7140625 0.075 0.0359375
0 0.6640625 0.740625 0.10625 0.0453125
0 0.6328125 0.71953125 0.103125 0.0515625
0 0.5390625 0.671875 0.071875 0.059375
0 0.7078125 0.7734375 0.0953125 0.05625
0 0.775 0.7671875 0.084375 0.0390625
0 0.64921875 0.4265625 0.0859375 0.0375
0 0.91953125 0.9234375 0.10625 0.0578125