0 0.63828125 0.9203125 0.0578125 0.0734375
0 0.61015625 0.821875 0.0328125 0.1
0 0.6484375 0.81484375 0.0390625 0.096875
0 0.64140625 0.68828125 0.0421875 0.071875
0 0.6546875 0.6515625 0.04375 0.06875
0 0.64296875 0.59765625 0.0546875 0.078125
0 0.609375 0.61171875 0.0515625 0.059375
0 0.59921875 0.57265625 0.0640625 0.0765625
0 0.45703125 0.609375 0.0484375 0.0671875
0 0.43828125 0.40625 0.05625 0.071875
0 0.51171875 0.51171875 0.034375 0.09375
0 0.54453125 0.47421875 0.0484375 0.0546875
0 0.56953125 0.44921875 0.059375 0.053125
0 0.61953125 0.509375 0.06875 0.0515625
0 0.61640625 0.4328125 0.0515625 0.0484375
0 0.61875 0.384375 0.0578125 0.0578125
0 0.609375 0.2546875 0.046875 0.0453125
0 0.66171875 0.19375 0.0359375 0.0828125
0 0.534375 0.23203125 0.0515625 0.0546875
0 0.51484375 0.12578125 0.03125 0.078125
0 0.64765625 0.46015625 0.0390625 0.0859375