0 0.42421875 0.50625 0.071875 0.06875
0 0.3453125 0.4734375 0.04375 0.0796875
0 0.32265625 0.53828125 0.03125 0.0765625
0 0.2859375 0.65078125 0.0296875 0.0609375
0 0.2828125 0.51328125 0.03125 0.0734375
0 0.2359375 0.44140625 0.0484375 0.0953125
0 0.2140625 0.5546875 0.05625 0.1140625
0 0.0765625 0.85546875 0.040625 0.1109375
0 0.23359375 0.5875 0.046875 0.0828125
0 0.28359375 0.9234375 0.0390625 0.0609375
0 0.3046875 0.853125 0.015625 0.05
0 0.2484375 0.63984375 0.0265625 0.109375
0 0.228125 0.6828125 0.03125 0.121875
0 0.1953125 0.72890625 0.071875 0.1171875
0 0.6609375 0.90390625 0.04375 0.084375