0 0.4390625 0.63828125 0.0828125 0.0796875
0 0.58984375 0.6546875 0.0796875 0.0296875
0 0.53984375 0.80625 0.096875 0.040625
0 0.503125 0.771875 0.1125 0.0359375
0 0.434375 0.7296875 0.0765625 0.0640625
0 0.66796875 0.72109375 0.1 0.0328125
0 0.71796875 0.7890625 0.0921875 0.0734375
0 0.7390625 0.75546875 0.0640625 0.0484375
0 0.634375 0.7609375 0.13125 0.040625
0 0.596875 0.7296875 0.06875 0.0265625
0 0.5640625 0.74296875 0.0921875 0.0296875
0 0.51875 0.725 0.0890625 0.025
0 0.48359375 0.68671875 0.0671875 0.0578125
0 0.6125 0.70625 0.090625 0.0203125