0 0.52421875 0.72265625 0.05 0.09375
0 0.53125 0.58125 0.0390625 0.0703125
0 0.5703125 0.5546875 0.0390625 0.0515625
0 0.48125 0.4265625 0.0328125 0.0796875
0 0.4484375 0.33046875 0.0421875 0.05
0 0.41171875 0.240625 0.0390625 0.0515625
0 0.34921875 0.08359375 0.0421875 0.0515625
0 0.3515625 0.146875 0.0421875 0.0484375
0 0.3640625 0.19921875 0.0515625 0.040625
0 0.36796875 0.2515625 0.0328125 0.0671875
0 0.3953125 0.31875 0.0515625 0.0484375
0 0.34140625 0.2984375 0.025 0.075
0 0.39453125 0.43671875 0.034375 0.053125
0 0.45078125 0.56484375 0.0328125 0.0859375
0 0.38515625 0.50234375 0.0484375 0.0453125
0 0.4171875 0.5609375 0.0421875 0.04375
0 0.3984375 0.7421875 0.0359375 0.0390625
0 0.34296875 0.82265625 0.028125 0.071875
0 0.35078125 0.6171875 0.028125 0.0453125
0 0.46640625 0.6765625 0.0375 0.05
0 0.35 0.53984375 0.025 0.065625
0 0.38125 0.54453125 0.034375 0.034375
0 0.346875 0.45 0.0359375 0.11875
0 0.38515625 0.596875 0.0578125 0.0609375