0 0.83671875 0.23359375 0.103125 0.046875
0 0.49453125 0.61953125 0.05546875 0.04921875
0 0.5421875 0.6359375 0.0453125 0.03203125
0 0.55859375 0.66953125 0.0828125 0.021875
0 0.54609375 0.68671875 0.090625 0.0265625
0 0.47421875 0.68359375 0.071875 0.04140625
0 0.4609375 0.70703125 0.06796875 0.03984375
0 0.4265625 0.76953125 0.06796875 0.0578125
0 0.48046875 0.74765625 0.09140625 0.0234375
0 0.528125 0.72578125 0.08984375 0.025
0 0.553125 0.70859375 0.0859375 0.02421875
0 0.640625 0.7125 0.06171875 0.02578125
0 0.59375 0.72578125 0.06796875 0.028125
0 0.64140625 0.7609375 0.12421875 0.05
0 0.58515625 0.790625 0.11796875 0.06796875
0 0.74140625 0.78828125 0.07734375 0.06796875
0 0.50390625 0.775 0.1109375 0.04453125
0 0.40703125 0.9546875 0.1703125 0.08984375