0 0.8703125 0.88515625 0.078125 0.05859375
0 0.81875 0.846875 0.11484375 0.04375
0 0.696875 0.84765625 0.11640625 0.04296875
0 0.5578125 0.825 0.06171875 0.05625
0 0.57265625 0.77265625 0.06015625 0.05625
0 0.596875 0.69296875 0.04921875 0.0625
0 0.6015625 0.7328125 0.05 0.03671875
0 0.6390625 0.7 0.04375 0.05
0 0.69296875 0.80078125 0.07734375 0.0265625
0 0.84921875 0.784375 0.1015625 0.0265625
0 0.7640625 0.8046875 0.0765625 0.021875
0 0.69921875 0.75703125 0.0796875 0.02734375
0 0.6546875 0.740625 0.05234375 0.05234375