0 0.03515625 0.64140625 0.0703125 0.0578125
0 0.22890625 0.62109375 0.0765625 0.0515625
0 0.3109375 0.56875 0.09453125 0.0390625
0 0.30078125 0.665625 0.07578125 0.03125
0 0.46796875 0.56484375 0.09296875 0.0328125
0 0.42265625 0.60078125 0.08359375 0.04609375
0 0.46328125 0.6421875 0.10546875 0.03984375
0 0.37890625 0.64140625 0.07578125 0.053125
0 0.5578125 0.571875 0.0671875 0.05390625
0 0.70546875 0.584375 0.07734375 0.05078125
0 0.6859375 0.52734375 0.071875 0.0578125
0 0.721875 0.44765625 0.1109375 0.03203125
0 0.67734375 0.63046875 0.1046875 0.065625
0 0.27265625 0.44921875 0.0734375 0.0421875
0 0.28984375 0.37109375 0.07421875 0.0515625
0 0.45703125 0.31875 0.0421875 0.05078125
0 0.21640625 0.5015625 0.08515625 0.04609375
0 0.51640625 0.6 0.08984375 0.04609375