0 0.51171875 0.4546875 0.065625 0.0875
0 0.58046875 0.47109375 0.0625 0.090625
0 0.66953125 0.5265625 0.071875 0.0671875
0 0.753125 0.52734375 0.075 0.1
0 0.76640625 0.2671875 0.0484375 0.0734375
0 0.6703125 0.4359375 0.0328125 0.0703125
0 0.67890625 0.45390625 0.0390625 0.078125
0 0.6875 0.38125 0.03125 0.0875
0 0.70859375 0.38125 0.0390625 0.1078125
0 0.715625 0.4625 0.028125 0.096875
0 0.73828125 0.42109375 0.040625 0.096875
0 0.74375 0.32421875 0.0359375 0.0609375
0 0.73515625 0.296875 0.0359375 0.0625
0 0.71484375 0.2828125 0.0484375 0.1109375
0 0.7421875 0.34765625 0.0453125 0.065625
0 0.5609375 0.278125 0.04375 0.096875