0 0.3828125 0.0953125 0.0625 0.115625
0 0.4953125 0.14296875 0.05625 0.103125
0 0.46484375 0.27734375 0.059375 0.096875
0 0.61328125 0.128125 0.040625 0.1078125
0 0.553125 0.4078125 0.0515625 0.0890625
0 0.6421875 0.28203125 0.059375 0.084375
0 0.5390625 0.7484375 0.0625 0.1
0 0.5640625 0.9671875 0.059375 0.065625
0 0.57734375 0.88671875 0.053125 0.075
0 0.58515625 0.821875 0.0421875 0.071875
0 0.603125 0.7484375 0.05 0.0578125
0 0.615625 0.75390625 0.046875 0.096875
0 0.60390625 0.64765625 0.0640625 0.08125
0 0.6109375 0.5625 0.0625 0.0546875
0 0.62890625 0.478125 0.05 0.0546875
0 0.59453125 0.4453125 0.0625 0.0578125
0 0.62578125 0.4203125 0.046875 0.0984375
0 0.653125 0.34765625 0.0609375 0.06875
0 0.6828125 0.27578125 0.0421875 0.0578125
0 0.65390625 0.421875 0.05 0.0765625
0 0.6390625 0.59453125 0.0484375 0.103125