0 0.7140625 0.45859375 0.05625 0.0390625
0 0.72109375 0.49140625 0.0625 0.0515625
0 0.93046875 0.5765625 0.0515625 0.0265625
0 0.06953125 0.50234375 0.0375 0.065625
0 0.05390625 0.5734375 0.090625 0.0625
0 0.23671875 0.54765625 0.065625 0.0578125
0 0.1390625 0.590625 0.075 0.0515625
0 0.17890625 0.58359375 0.053125 0.05625
0 0.2265625 0.59296875 0.071875 0.0421875
0 0.54765625 0.59375 0.0640625 0.0546875
0 0.3796875 0.5296875 0.0796875 0.053125
0 0.70859375 0.64609375 0.0640625 0.046875
0 0.746875 0.6734375 0.0578125 0.05625
0 0.63359375 0.65546875 0.096875 0.0421875
0 0.55078125 0.63984375 0.0453125 0.0453125
0 0.43515625 0.55859375 0.0609375 0.0359375
0 0.41953125 0.58828125 0.0515625 0.0453125
0 0.2921875 0.5734375 0.0625 0.0515625
0 0.31796875 0.62890625 0.05 0.0375
0 0.38671875 0.63125 0.053125 0.03125
0 0.3546875 0.596875 0.075 0.0421875
0 0.503125 0.61875 0.06875 0.0578125
0 0.52890625 0.66015625 0.04375 0.0296875