0 0.58359375 0.1453125 0.1734375 0.0765625
0 0.796875 0.93671875 0.12265625 0.059375
0 0.89921875 0.825 0.1296875 0.06484375
0 0.6765625 0.68203125 0.084375 0.0375
0 0.56796875 0.6703125 0.071875 0.02734375
0 0.678125 0.77578125 0.08125 0.04453125
0 0.41875 0.7765625 0.06875 0.04140625
0 0.4734375 0.7640625 0.1109375 0.0390625
0 0.68828125 0.71875 0.1296875 0.0375
0 0.9171875 0.69765625 0.046875 0.02109375
0 0.58984375 0.73046875 0.0625 0.0359375
0 0.62421875 0.72421875 0.0578125 0.03515625
0 0.51171875 0.72109375 0.0765625 0.02734375
0 0.54296875 0.7078125 0.0890625 0.02265625
0 0.509375 0.6578125 0.040625 0.046875