0 0.5421875 0.46796875 0.0546875 0.0640625
0 0.80546875 0.3734375 0.053125 0.15
0 0.75234375 0.33515625 0.0328125 0.0796875
0 0.78671875 0.3296875 0.04375 0.128125
0 0.6328125 0.46015625 0.03125 0.0375
0 0.671875 0.4203125 0.03125 0.0640625
0 0.64765625 0.52734375 0.053125 0.0609375
0 0.78125 0.6046875 0.0515625 0.0828125
0 0.725 0.59140625 0.06875 0.1046875
0 0.74140625 0.42109375 0.0421875 0.08125
0 0.72734375 0.390625 0.025 0.0671875
0 0.728125 0.49140625 0.0453125 0.078125
0 0.68203125 0.48203125 0.0359375 0.078125
0 0.71171875 0.415625 0.0234375 0.0796875