0 0.646875 0.209375 0.06171875 0.05546875
0 0.75 0.33203125 0.09765625 0.06328125
0 0.6125 0.3921875 0.0890625 0.04375
0 0.12890625 0.59140625 0.0875 0.03984375
0 0.071875 0.63359375 0.0546875 0.06171875
0 0.11875 0.63515625 0.0578125 0.04921875
0 0.19609375 0.63359375 0.04765625 0.05546875
0 0.27109375 0.57578125 0.0765625 0.0375
0 0.328125 0.59609375 0.09140625 0.034375
0 0.28125 0.634375 0.0484375 0.06171875
0 0.32265625 0.63984375 0.075 0.03515625
0 0.3140625 0.6671875 0.05234375 0.028125
0 0.34296875 0.6578125 0.0421875 0.0234375
0 0.409375 0.665625 0.08515625 0.03203125
0 0.4328125 0.5984375 0.05703125 0.04453125
0 0.4640625 0.584375 0.03828125 0.046875
0 0.48125 0.5234375 0.05078125 0.03203125
0 0.58203125 0.51640625 0.08515625 0.03046875
0 0.5828125 0.5765625 0.0421875 0.05546875
0 0.54375 0.57265625 0.046875 0.0421875
0 0.50234375 0.59453125 0.0390625 0.05234375
0 0.53515625 0.61796875 0.0328125 0.04609375
0 0.54765625 0.6453125 0.065625 0.0421875
0 0.62890625 0.61640625 0.046875 0.05
0 0.73671875 0.6078125 0.08046875 0.03984375
0 0.43203125 0.6375 0.05859375 0.03046875
0 0.8671875 0.60703125 0.08046875 0.0359375
0 0.82734375 0.653125 0.08984375 0.03671875