0 0.73046875 0.36953125 0.08125 0.065625
0 0.76015625 0.5015625 0.078125 0.0703125
0 0.64765625 0.55859375 0.0671875 0.0671875
0 0.72734375 0.60859375 0.1140625 0.053125
0 0.54921875 0.55546875 0.059375 0.053125
0 0.59296875 0.53671875 0.0765625 0.053125
0 0.6015625 0.58515625 0.0765625 0.05
0 0.57265625 0.628125 0.0765625 0.053125
0 0.55234375 0.59765625 0.0984375 0.04375
0 0.46328125 0.6046875 0.084375 0.0609375
0 0.3890625 0.615625 0.0765625 0.065625
0 0.428125 0.65078125 0.0828125 0.0421875
0 0.48125 0.65546875 0.05625 0.040625
0 0.30859375 0.6546875 0.1109375 0.0515625
0 0.334375 0.675 0.08125 0.040625
0 0.1796875 0.68828125 0.1 0.046875
0 0.08046875 0.69765625 0.1109375 0.053125