0 0.65390625 0.7984375 0.11796875 0.06171875
0 0.53828125 0.83203125 0.10625 0.05234375
0 0.6546875 0.72734375 0.096875 0.0421875
0 0.59609375 0.73203125 0.090625 0.0328125
0 0.53125 0.7203125 0.08515625 0.02734375
0 0.55625 0.7125 0.078125 0.02421875
0 0.49140625 0.703125 0.0890625 0.03046875
0 0.49296875 0.6734375 0.07421875 0.0328125
0 0.5546875 0.634375 0.053125 0.03359375
0 0.55625 0.665625 0.078125 0.01875
0 0.55625 0.684375 0.078125 0.0265625
0 0.425 0.79296875 0.0984375 0.0421875
0 0.4859375 0.74921875 0.0640625 0.03515625
0 0.5546875 0.765625 0.11328125 0.03515625
0 0.49453125 0.80703125 0.05859375 0.05390625
0 0.73671875 0.778125 0.09140625 0.04375