0 0.59765625 0.65703125 0.059375 0.0359375
0 0.51171875 0.646875 0.1234375 0.075
0 0.92109375 0.7328125 0.059375 0.040625
0 0.49609375 0.684375 0.0421875 0.040625
0 0.53203125 0.69609375 0.0875 0.040625
0 0.57109375 0.72578125 0.1046875 0.0453125
0 0.49921875 0.725 0.1 0.05
0 0.53125 0.77265625 0.1046875 0.05
0 0.603125 0.78203125 0.0625 0.0515625
0 0.6578125 0.81640625 0.0609375 0.0484375
0 0.6875 0.796875 0.071875 0.0375
0 0.415625 0.7203125 0.0640625 0.0640625
0 0.81796875 0.73828125 0.0546875 0.046875
0 0.71953125 0.65703125 0.128125 0.0671875