0 0.7515625 0.403125 0.1046875 0.0546875
0 0.77265625 0.534375 0.084375 0.0421875
0 0.80390625 0.5828125 0.07890625 0.06875
0 0.82265625 0.60625 0.08125 0.0390625
0 0.8328125 0.64609375 0.11015625 0.0484375
0 0.73984375 0.625 0.09296875 0.02890625
0 0.65703125 0.55859375 0.06953125 0.04140625
0 0.33984375 0.5578125 0.0953125 0.040625
0 0.16875 0.64296875 0.11953125 0.0390625
0 0.08671875 0.62578125 0.084375 0.053125
0 0.33203125 0.64765625 0.09140625 0.03203125
0 0.43203125 0.6046875 0.08359375 0.04375
0 0.39609375 0.63359375 0.10078125 0.0421875
0 0.4109375 0.5765625 0.07421875 0.06015625
0 0.50859375 0.596875 0.05546875 0.04765625
0 0.5484375 0.5703125 0.0625 0.06328125
0 0.5609375 0.63046875 0.09375 0.04375
0 0.66953125 0.6515625 0.06328125 0.03125
0 0.28359375 0.2171875 0.09296875 0.040625
0 0.603125 0.54921875 0.0953125 0.05390625