0 0.54296875 0.51875 0.0875 0.065625
0 0.51640625 0.58359375 0.0921875 0.0640625
0 0.44765625 0.66328125 0.06875 0.071875
0 0.4328125 0.74609375 0.1015625 0.0765625
0 0.6875 0.79921875 0.0734375 0.05
0 0.53671875 0.678125 0.0703125 0.034375
0 0.51796875 0.684375 0.0796875 0.040625
0 0.58828125 0.70390625 0.0875 0.0328125
0 0.584375 0.725 0.1078125 0.040625
0 0.50390625 0.71875 0.096875 0.0296875
0 0.540625 0.74765625 0.0984375 0.0421875
0 0.6359375 0.76796875 0.0625 0.0359375
0 0.66328125 0.7640625 0.0640625 0.0359375
0 0.68046875 0.74609375 0.1109375 0.05
0 0.6125 0.76328125 0.065625 0.0453125
0 0.709375 0.5953125 0.096875 0.0453125