0 0.73125 0.25859375 0.08203125 0.05546875
0 0.96875 0.4109375 0.0625 0.04765625
0 0.81953125 0.48828125 0.08203125 0.05078125
0 0.84453125 0.58984375 0.09140625 0.0578125
0 0.6984375 0.45546875 0.04921875 0.04453125
0 0.703125 0.50703125 0.0671875 0.03984375
0 0.609375 0.48828125 0.09453125 0.03515625
0 0.5671875 0.465625 0.08125 0.03515625
0 0.65 0.52109375 0.08203125 0.01953125
0 0.57109375 0.51640625 0.05546875 0.015625
0 0.57109375 0.54375 0.08359375 0.0296875
0 0.7328125 0.61328125 0.0421875 0.0421875
0 0.63671875 0.609375 0.065625 0.040625
0 0.55703125 0.5859375 0.05390625 0.04375
0 0.60078125 0.6109375 0.05546875 0.04765625
0 0.57265625 0.64375 0.0421875 0.0421875
0 0.65546875 0.64296875 0.05 0.02109375
0 0.328125 0.5546875 0.0765625 0.05390625
0 0.42578125 0.6 0.0796875 0.03046875
0 0.3640625 0.6171875 0.0484375 0.04453125
0 0.2484375 0.5796875 0.0484375 0.0484375
0 0.4265625 0.646875 0.07578125 0.0328125
0 0.36953125 0.6515625 0.053125 0.028125
0 0.24609375 0.6328125 0.0609375 0.040625
0 0.19609375 0.6359375 0.0578125 0.0453125
0 0.153125 0.640625 0.04609375 0.04609375
0 0.08359375 0.63515625 0.06015625 0.03984375