0 0.5359375 0.53828125 0.05859375 0.0484375
0 0.6578125 0.790625 0.146875 0.03671875
0 0.690625 0.73359375 0.07890625 0.02421875
0 0.69921875 0.7671875 0.12578125 0.03046875
0 0.55390625 0.628125 0.03515625 0.028125
0 0.596875 0.6625 0.06171875 0.02421875
0 0.48828125 0.65 0.05546875 0.046875
0 0.425 0.790625 0.07890625 0.04375
0 0.4328125 0.73359375 0.0984375 0.059375
0 0.60390625 0.73203125 0.07890625 0.034375
0 0.6328125 0.71484375 0.06484375 0.01875
0 0.53203125 0.72578125 0.075 0.03671875
0 0.53671875 0.67890625 0.07421875 0.02734375
0 0.60625 0.7015625 0.07890625 0.01484375