0 0.37265625 0.26640625 0.075 0.075
0 0.53046875 0.571875 0.04375 0.090625
0 0.52265625 0.47421875 0.0421875 0.0921875
0 0.50703125 0.3890625 0.040625 0.1
0 0.49140625 0.28671875 0.0421875 0.084375
0 0.4890625 0.22578125 0.0609375 0.065625
0 0.58046875 0.8453125 0.0671875 0.0640625
0 0.578125 0.5578125 0.0546875 0.0828125
0 0.5734375 0.46484375 0.0546875 0.0625
0 0.565625 0.434375 0.0515625 0.0390625
0 0.565625 0.334375 0.053125 0.071875
0 0.5375 0.35703125 0.046875 0.0734375
0 0.68828125 0.8875 0.0609375 0.084375
0 0.68515625 0.815625 0.0515625 0.1140625
0 0.67109375 0.68671875 0.0609375 0.0953125
0 0.65546875 0.58359375 0.059375 0.09375
0 0.6125 0.5421875 0.046875 0.0671875
0 0.64296875 0.53671875 0.0515625 0.06875
0 0.6390625 0.43984375 0.0515625 0.103125
0 0.625 0.3703125 0.059375 0.0734375
0 0.61640625 0.28984375 0.0578125 0.1109375