0 0.8203125 0.92734375 0.084375 0.06875
0 0.77421875 0.8828125 0.1203125 0.0578125
0 0.653125 0.86875 0.1203125 0.0578125
0 0.51796875 0.8296875 0.06875 0.0640625
0 0.5390625 0.7796875 0.065625 0.0625
0 0.57265625 0.703125 0.0578125 0.06875
0 0.57265625 0.74375 0.0546875 0.04375
0 0.61328125 0.715625 0.05 0.0546875
0 0.6546875 0.821875 0.08125 0.0359375
0 0.81171875 0.825 0.1046875 0.0390625
0 0.725 0.834375 0.078125 0.03125
0 0.66640625 0.7796875 0.0828125 0.0375
0 0.62421875 0.7578125 0.059375 0.059375