0 0.915625 0.56640625 0.05 0.0484375
0 0.94296875 0.5203125 0.0515625 0.028125
0 0.97109375 0.5953125 0.05625 0.040625
0 0.73828125 0.61484375 0.075 0.0328125
0 0.728125 0.48359375 0.0875 0.040625
0 0.6625 0.5765625 0.090625 0.021875
0 0.6453125 0.54296875 0.071875 0.040625
0 0.71953125 0.5265625 0.065625 0.0328125
0 0.63828125 0.51484375 0.0734375 0.034375
0 0.6078125 0.46875 0.0578125 0.0484375
0 0.55390625 0.5203125 0.065625 0.0265625
0 0.43125 0.51796875 0.0875 0.025
0 0.553125 0.58515625 0.05 0.046875
0 0.578125 0.65234375 0.059375 0.0234375
0 0.521875 0.6515625 0.059375 0.0375
0 0.48515625 0.5890625 0.05 0.04375
0 0.42421875 0.59765625 0.0640625 0.0421875
0 0.471875 0.6265625 0.0453125 0.04375
0 0.42109375 0.65078125 0.0734375 0.0375
0 0.32265625 0.56953125 0.0890625 0.0375
0 0.28828125 0.6 0.075 0.046875
0 0.10390625 0.5625 0.103125 0.025
0 0.09140625 0.6390625 0.071875 0.04375
0 0.10703125 0.59453125 0.06875 0.046875
0 0.1625 0.6078125 0.0875 0.0359375
0 0.15703125 0.640625 0.05625 0.05
0 0.19765625 0.6390625 0.0609375 0.059375
0 0.23125 0.6140625 0.06875 0.046875
0 0.271875 0.64921875 0.109375 0.0265625