0 0.5015625 0.4421875 0.1390625 0.090625
0 0.71953125 0.72109375 0.103125 0.0625
0 0.5390625 0.6328125 0.0609375 0.06875
0 0.603125 0.62734375 0.0484375 0.03125
0 0.671875 0.5875 0.0421875 0.0234375
0 0.484375 0.71328125 0.0734375 0.0546875
0 0.59375 0.76484375 0.0640625 0.0578125
0 0.58125 0.66640625 0.1015625 0.0390625
0 0.6421875 0.7015625 0.065625 0.0359375
0 0.4921875 0.74609375 0.0703125 0.053125
0 0.54453125 0.73828125 0.053125 0.0375
0 0.546875 0.71015625 0.0625 0.034375
0 0.59453125 0.6875 0.090625 0.0421875
0 0.809375 0.73359375 0.0703125 0.0734375
0 0.96015625 0.61015625 0.046875 0.0390625
0 0.87734375 0.61484375 0.046875 0.04375