0 0.578125 0.4671875 0.046875 0.0671875
0 0.73359375 0.3984375 0.0625 0.1015625
0 0.78984375 0.40546875 0.08125 0.103125
0 0.83046875 0.4 0.0796875 0.1390625
0 0.67734375 0.49765625 0.040625 0.071875
0 0.690625 0.48984375 0.034375 0.0578125
0 0.7078125 0.47734375 0.0359375 0.071875
0 0.70703125 0.496875 0.034375 0.0765625
0 0.71640625 0.52578125 0.0296875 0.059375
0 0.7390625 0.46796875 0.0421875 0.0796875
0 0.73125 0.5265625 0.034375 0.0796875
0 0.74140625 0.5515625 0.040625 0.0671875
0 0.71953125 0.6015625 0.040625 0.090625
0 0.803125 0.31796875 0.0640625 0.071875
0 0.7625 0.20859375 0.0296875 0.05
0 0.8 0.1109375 0.0390625 0.0640625