0 0.45234375 0.48984375 0.0765625 0.075
0 0.365625 0.5 0.0671875 0.0890625
0 0.3 0.671875 0.0390625 0.071875
0 0.26171875 0.81484375 0.0375 0.05
0 0.2359375 0.90859375 0.053125 0.05
0 0.22734375 0.39453125 0.046875 0.0921875
0 0.209375 0.55703125 0.0546875 0.1109375
0 0.23359375 0.6046875 0.0453125 0.1
0 0.26484375 0.56171875 0.0453125 0.0890625
0 0.28671875 0.48203125 0.0359375 0.078125
0 0.16953125 0.70859375 0.0390625 0.0796875
0 0.2328125 0.76875 0.0359375 0.059375
0 0.25703125 0.50234375 0.040625 0.0921875
0 0.12890625 0.70625 0.075 0.0796875
0 0.3015625 0.5421875 0.0375 0.05
0 0.2640625 0.41875 0.0421875 0.0953125
0 0.31953125 0.48046875 0.0546875 0.0875
0 0.015625 0.853125 0.03125 0.115625