0 0.65703125 0.21484375 0.0640625 0.0578125
0 0.75546875 0.340625 0.0984375 0.065625
0 0.61640625 0.39609375 0.090625 0.046875
0 0.12578125 0.578125 0.0890625 0.04375
0 0.0671875 0.61875 0.05625 0.0640625
0 0.1140625 0.621875 0.059375 0.0515625
0 0.19140625 0.62265625 0.0484375 0.0578125
0 0.26875 0.56796875 0.078125 0.040625
0 0.325 0.58984375 0.0921875 0.0375
0 0.2765625 0.6265625 0.05 0.0640625
0 0.31796875 0.63359375 0.0765625 0.0375
0 0.30859375 0.6609375 0.0546875 0.0296875
0 0.3375 0.65234375 0.04375 0.025
0 0.40390625 0.6625 0.0859375 0.034375
0 0.4296875 0.59609375 0.0578125 0.0453125
0 0.4609375 0.5828125 0.0390625 0.0484375
0 0.48046875 0.52265625 0.0515625 0.0328125
0 0.58125 0.51953125 0.0859375 0.034375
0 0.58046875 0.5796875 0.04375 0.0578125
0 0.54140625 0.57421875 0.0484375 0.04375
0 0.49921875 0.59453125 0.040625 0.0546875
0 0.53125 0.61875 0.034375 0.0484375
0 0.5421875 0.646875 0.0671875 0.04375
0 0.625 0.62109375 0.0484375 0.0515625
0 0.7328125 0.615625 0.0828125 0.04375
0 0.42734375 0.63515625 0.0609375 0.0328125
0 0.86328125 0.61953125 0.0828125 0.0390625
0 0.821875 0.66484375 0.0921875 0.040625