0 0.6828125 0.40703125 0.040625 0.0828125
0 0.62265625 0.49765625 0.05 0.05625
0 0.6453125 0.5015625 0.0265625 0.0453125
0 0.690625 0.5609375 0.053125 0.0703125
0 0.69609375 0.44609375 0.0421875 0.071875
0 0.67109375 0.4546875 0.03125 0.0734375
0 0.7625 0.31015625 0.053125 0.08125
0 0.73671875 0.42578125 0.0375 0.084375
0 0.7265625 0.49140625 0.0453125 0.1
0 0.71328125 0.46328125 0.03125 0.0796875
0 0.73359375 0.56328125 0.0359375 0.071875
0 0.7546875 0.5125 0.0390625 0.1140625
0 0.7796875 0.4984375 0.046875 0.128125
0 0.815625 0.45859375 0.046875 0.1328125
0 0.790625 0.37109375 0.0390625 0.1234375
0 0.81796875 0.31953125 0.053125 0.13125
0 0.75625 0.42578125 0.0453125 0.109375
0 0.978125 0.21875 0.04375 0.11875