0 0.48515625 0.51640625 0.0859375 0.0828125
0 0.67734375 0.37578125 0.0609375 0.1125
0 0.64375 0.49921875 0.0296875 0.0515625
0 0.88125 0.1046875 0.0390625 0.0765625
0 0.84453125 0.26953125 0.0296875 0.0796875
0 0.80078125 0.603125 0.0765625 0.1421875
0 0.7953125 0.5234375 0.053125 0.1375
0 0.79609375 0.378125 0.0609375 0.0890625
0 0.80390625 0.3078125 0.0375 0.0546875
0 0.70078125 0.571875 0.0640625 0.084375
0 0.66875 0.50234375 0.0328125 0.0609375
0 0.675 0.45625 0.0296875 0.075
0 0.6875 0.46171875 0.0265625 0.0640625
0 0.73359375 0.41484375 0.0265625 0.0671875
0 0.74609375 0.321875 0.03125 0.05
0 0.72890625 0.33046875 0.0265625 0.0796875
0 0.72109375 0.48515625 0.0203125 0.071875
0 0.71015625 0.44765625 0.0203125 0.0734375
0 0.759375 0.45234375 0.03125 0.0828125
0 0.740625 0.45703125 0.021875 0.084375
0 0.7375 0.55859375 0.03125 0.0828125
0 0.7703125 0.29609375 0.0421875 0.071875
0 0.740625 0.51015625 0.0234375 0.0515625