0 0.69609375 0.44921875 0.0984375 0.05
0 0.66484375 0.41875 0.096875 0.0484375
0 0.5984375 0.4296875 0.1046875 0.0609375
0 0.65546875 0.5765625 0.053125 0.0609375
0 0.7328125 0.634375 0.09375 0.05625
0 0.56796875 0.596875 0.0890625 0.075
0 0.53359375 0.6171875 0.071875 0.053125
0 0.4734375 0.575 0.0859375 0.0703125
0 0.4484375 0.60859375 0.0734375 0.0609375
0 0.26875 0.55 0.1015625 0.053125
0 0.29140625 0.58671875 0.0953125 0.059375
0 0.05859375 0.5921875 0.1171875 0.053125
0 0.12890625 0.5890625 0.0953125 0.053125
0 0.19140625 0.60234375 0.0828125 0.0703125
0 0.33359375 0.63125 0.09375 0.071875
0 0.384375 0.64140625 0.0953125 0.0421875
0 0.63359375 0.671875 0.0875 0.0375
0 0.5890625 0.65546875 0.075 0.0484375