0 0.91015625 0.25625 0.1234375 0.0484375
0 0.525 0.85625 0.13046875 0.06796875
0 0.425 0.803125 0.0984375 0.07109375
0 0.57890625 0.78515625 0.09609375 0.05078125
0 0.4890625 0.7578125 0.1015625 0.04375
0 0.44296875 0.74296875 0.08046875 0.0265625
0 0.5640625 0.74609375 0.096875 0.02578125
0 0.5875 0.83359375 0.07890625 0.04765625
0 0.74296875 0.76484375 0.05 0.059375
0 0.75546875 0.8390625 0.06171875 0.08203125
0 0.6609375 0.7546875 0.0765625 0.0453125
0 0.671875 0.71640625 0.0765625 0.02734375
0 0.50390625 0.60546875 0.0609375 0.0578125
0 0.4953125 0.65859375 0.053125 0.04140625
0 0.53203125 0.72265625 0.08984375 0.02734375
0 0.5984375 0.7328125 0.06875 0.0375
0 0.61328125 0.71171875 0.0625 0.03984375
0 0.5625 0.6859375 0.07109375 0.028125
0 0.946875 0.56328125 0.09921875 0.0421875
0 0.4890625 0.69609375 0.0640625 0.02734375