0 0.71328125 0.38046875 0.10078125 0.04296875
0 0.7390625 0.48125 0.0921875 0.05390625
0 0.74140625 0.5171875 0.10234375 0.0234375
0 0.7328125 0.54453125 0.11640625 0.0328125
0 0.6453125 0.52578125 0.09140625 0.0359375
0 0.56015625 0.56953125 0.05390625 0.04921875
0 0.634375 0.6140625 0.04375 0.0578125
0 0.70859375 0.6171875 0.0890625 0.0453125
0 0.7140625 0.6453125 0.0859375 0.0390625
0 0.76953125 0.653125 0.096875 0.03984375
0 0.60078125 0.653125 0.0421875 0.03828125
0 0.4953125 0.6578125 0.03515625 0.0328125
0 0.534375 0.6375 0.09296875 0.0296875
0 0.48671875 0.55546875 0.0453125 0.05625
0 0.4390625 0.56171875 0.05390625 0.0390625
0 0.44609375 0.5984375 0.0703125 0.0359375
0 0.32109375 0.5546875 0.0640625 0.0609375
0 0.38046875 0.59453125 0.0234375 0.05390625
0 0.396875 0.64140625 0.08203125 0.04453125
0 0.3125 0.64140625 0.06484375 0.0484375
0 0.23671875 0.6265625 0.06484375 0.0421875
0 0.16328125 0.640625 0.06875 0.05
0 0.07421875 0.63046875 0.10234375 0.05703125