0 0.35859375 0.03515625 0.0578125 0.0703125
0 0.37890625 0.22890625 0.0515625 0.0765625
0 0.43125 0.3109375 0.0390625 0.09375
0 0.334375 0.30078125 0.03125 0.075
0 0.43515625 0.46796875 0.0328125 0.09375
0 0.39921875 0.42265625 0.046875 0.084375
0 0.3578125 0.46328125 0.040625 0.10625
0 0.35859375 0.37890625 0.053125 0.075
0 0.428125 0.5578125 0.053125 0.0671875
0 0.415625 0.70546875 0.05 0.078125
0 0.47265625 0.6859375 0.0578125 0.071875
0 0.55234375 0.721875 0.03125 0.1109375
0 0.36953125 0.67734375 0.065625 0.1046875
0 0.55078125 0.27265625 0.0421875 0.0734375
0 0.62890625 0.28984375 0.0515625 0.075
0 0.68125 0.45703125 0.05 0.0421875
0 0.4984375 0.21640625 0.046875 0.084375
0 0.4 0.51640625 0.046875 0.090625