0 0.25625 0.478125 0.1328125 0.2125
0 0.54765625 0.48515625 0.1 0.1265625
0 0.6546875 0.490625 0.0765625 0.0703125
0 0.653125 0.44765625 0.053125 0.075
0 0.58828125 0.4140625 0.0359375 0.0609375
0 0.70546875 0.50703125 0.05625 0.0796875
0 0.70390625 0.43046875 0.053125 0.0875
0 0.6671875 0.403125 0.0375 0.0609375
0 0.5921875 0.09453125 0.0328125 0.0453125
0 0.62890625 0.1078125 0.0421875 0.059375
0 0.59453125 0.025 0.0515625 0.046875
0 0.77265625 0.1640625 0.0578125 0.075
0 0.72578125 0.23671875 0.06875 0.128125
0 0.753125 0.41640625 0.0734375 0.1203125
0 0.7140625 0.303125 0.0625 0.1140625
0 0.684375 0.27578125 0.046875 0.0625
0 0.709375 0.36640625 0.053125 0.1125