0 0.278125 0.07734375 0.0546875 0.1265625
0 0.85703125 0.49375 0.075 0.134375
0 0.7984375 0.590625 0.0765625 0.1015625
0 0.7890625 0.4359375 0.0546875 0.1
0 0.75703125 0.52421875 0.0484375 0.103125
0 0.73984375 0.56953125 0.03125 0.0828125
0 0.74921875 0.44921875 0.0296875 0.0984375
0 0.8375 0.43046875 0.0515625 0.08125
0 0.77734375 0.27109375 0.0625 0.053125
0 0.85234375 0.2625 0.084375 0.0671875
0 0.7625 0.35234375 0.05 0.078125
0 0.725 0.33984375 0.0328125 0.078125
0 0.60546875 0.5015625 0.0609375 0.0640625
0 0.6578125 0.51328125 0.04375 0.0546875
0 0.72421875 0.4796875 0.0328125 0.0921875
0 0.7375 0.4140625 0.040625 0.0703125
0 0.7171875 0.39765625 0.04375 0.0640625
0 0.6890625 0.44765625 0.03125 0.0734375
0 0.58671875 0.05703125 0.046875 0.1015625
0 0.6953125 0.52109375 0.03125 0.065625