0 0.70625 0.42890625 0.053125 0.03203125
0 0.71796875 0.4609375 0.05703125 0.04375
0 0.93671875 0.515625 0.05078125 0.0203125
0 0.07421875 0.5625 0.0296875 0.06328125
0 0.06875 0.634375 0.08359375 0.0515625
0 0.24609375 0.58359375 0.059375 0.05078125
0 0.15546875 0.63984375 0.0703125 0.0421875
0 0.19375 0.62734375 0.04609375 0.04921875
0 0.2421875 0.63046875 0.06875 0.0328125
0 0.56015625 0.5859375 0.0578125 0.04765625
0 0.38515625 0.54609375 0.07578125 0.04453125
0 0.7265625 0.615625 0.05859375 0.0390625
0 0.76875 0.6375 0.0515625 0.05078125
0 0.65390625 0.63515625 0.09453125 0.0296875
0 0.56953125 0.63125 0.03984375 0.03984375
0 0.44375 0.5671875 0.0578125 0.02890625
0 0.4328125 0.5984375 0.04609375 0.0390625
0 0.3046875 0.6015625 0.05703125 0.04296875
0 0.3375 0.653125 0.0453125 0.03046875
0 0.40625 0.64609375 0.05 0.02578125
0 0.36953125 0.61640625 0.071875 0.0328125
0 0.51953125 0.6171875 0.0625 0.04921875
0 0.55078125 0.6546875 0.03984375 0.025