0 0.64453125 0.46640625 0.10078125 0.034375
0 0.46640625 0.53671875 0.09921875 0.0375
0 0.59765625 0.52109375 0.07421875 0.0328125
0 0.65546875 0.525 0.06875 0.02734375
0 0.8328125 0.615625 0.09921875 0.03125
0 0.79296875 0.65 0.10078125 0.03125
0 0.7109375 0.6171875 0.0875 0.04453125
0 0.6421875 0.56640625 0.059375 0.04140625
0 0.57265625 0.55234375 0.07734375 0.02890625
0 0.5578125 0.57421875 0.04296875 0.04375
0 0.60625 0.61328125 0.06171875 0.04296875
0 0.4140625 0.57578125 0.09453125 0.05078125
0 0.4875 0.59453125 0.071875 0.05078125
0 0.4390625 0.6015625 0.053125 0.03984375
0 0.39921875 0.63515625 0.06796875 0.04609375
0 0.31796875 0.625 0.07265625 0.05625
0 0.2125 0.63515625 0.05 0.053125
0 0.58828125 0.178125 0.06953125 0.0421875
0 0.271875 0.03046875 0.08125 0.03203125
0 0.92421875 0.05078125 0.05625 0.0640625
0 0.775 0.49765625 0.07734375 0.03984375
0 0.08671875 0.6375 0.0921875 0.04375