0 0.7453125 0.42890625 0.06953125 0.05390625
0 0.696875 0.46171875 0.09453125 0.05078125
0 0.78046875 0.47421875 0.11171875 0.04296875
0 0.70703125 0.5234375 0.08203125 0.03828125
0 0.81875 0.52734375 0.10703125 0.0359375
0 0.6421875 0.54375 0.11796875 0.0328125
0 0.86484375 0.6109375 0.10234375 0.0296875
0 0.8984375 0.634375 0.09609375 0.04921875
0 0.76015625 0.61953125 0.08984375 0.0328125
0 0.60390625 0.6046875 0.10234375 0.03359375
0 0.53828125 0.56875 0.0546875 0.04765625
0 0.56796875 0.640625 0.08359375 0.04609375
0 0.44921875 0.59921875 0.07578125 0.040625
0 0.34140625 0.6109375 0.103125 0.034375
0 0.08515625 0.63203125 0.08203125 0.04921875
0 0.16796875 0.6359375 0.06796875 0.04765625
0 0.27421875 0.63984375 0.0875 0.0421875
0 0.38984375 0.634375 0.04375 0.0390625