0 0.5546875 0.38671875 0.0609375 0.0484375
0 0.07421875 0.63125 0.10078125 0.04921875
0 0.18671875 0.63828125 0.1109375 0.0375
0 0.2375 0.60703125 0.0578125 0.046875
0 0.29609375 0.60234375 0.071875 0.0609375
0 0.3546875 0.5640625 0.07890625 0.04375
0 0.43671875 0.52890625 0.09140625 0.0359375
0 0.54453125 0.471875 0.08828125 0.04453125
0 0.53515625 0.51640625 0.0859375 0.0359375
0 0.81953125 0.61796875 0.065625 0.0625
0 0.58046875 0.6421875 0.078125 0.0328125
0 0.41484375 0.6390625 0.078125 0.03046875
0 0.35625 0.625 0.04453125 0.05625
0 0.63125 0.5796875 0.07265625 0.0484375
0 0.56015625 0.57734375 0.0640625 0.05546875
0 0.4640625 0.56328125 0.08046875 0.03828125
0 0.4515625 0.59921875 0.0890625 0.0390625
0 0.6171875 0.528125 0.06484375 0.0203125