0 0.61640625 0.74453125 0.0515625 0.0890625
0 0.58359375 0.7953125 0.0515625 0.0796875
0 0.48515625 0.4390625 0.0375 0.0859375
0 0.4828125 0.62734375 0.05 0.071875
0 0.446875 0.72734375 0.05 0.06875
0 0.41875 0.71640625 0.0390625 0.1
0 0.35390625 0.71015625 0.0359375 0.078125
0 0.46484375 0.52578125 0.028125 0.0796875
0 0.4328125 0.55859375 0.0484375 0.046875
0 0.40625 0.590625 0.0484375 0.071875
0 0.35625 0.5234375 0.05 0.05625
0 0.428125 0.47109375 0.0359375 0.0734375
0 0.45234375 0.43515625 0.04375 0.059375
0 0.44765625 0.3890625 0.053125 0.05625
0 0.45703125 0.3453125 0.05625 0.065625
0 0.3890625 0.40546875 0.0515625 0.08125
0 0.40390625 0.453125 0.0546875 0.071875
0 0.3375 0.40390625 0.021875 0.046875
0 0.3609375 0.4046875 0.0453125 0.0796875
0 0.353125 0.24609375 0.046875 0.0546875
0 0.34296875 0.078125 0.0546875 0.09375
0 0.3390625 0.16796875 0.0296875 0.1
0 0.3703125 0.60703125 0.05625 0.05
0 0.35390625 0.6421875 0.0359375 0.0609375