0 0.3078125 0.125 0.053125 0.1125
0 0.4265625 0.15 0.0484375 0.1
0 0.4234375 0.28828125 0.0515625 0.0921875
0 0.53984375 0.1140625 0.03125 0.10625
0 0.534375 0.4 0.0453125 0.0859375
0 0.59765625 0.25859375 0.053125 0.08125
0 0.5859375 0.73671875 0.0546875 0.096875
0 0.65390625 0.95546875 0.053125 0.078125
0 0.65 0.86484375 0.046875 0.071875
0 0.64453125 0.8 0.0359375 0.0703125
0 0.6484375 0.72421875 0.046875 0.053125
0 0.66171875 0.72734375 0.0390625 0.0953125
0 0.63046875 0.625 0.0578125 0.078125
0 0.62109375 0.53984375 0.059375 0.05
0 0.621875 0.45390625 0.046875 0.05
0 0.58203125 0.428125 0.059375 0.053125
0 0.6078125 0.3984375 0.0390625 0.096875
0 0.62109375 0.321875 0.05625 0.065625
0 0.63671875 0.24453125 0.0375 0.0546875
0 0.6359375 0.39453125 0.04375 0.0734375
0 0.6546875 0.56640625 0.0390625 0.1015625