0 0.72890625 0.4328125 0.0828125 0.03125
0 0.64375 0.4328125 0.0765625 0.0484375
0 0.64921875 0.4953125 0.040625 0.0546875
0 0.69140625 0.46875 0.084375 0.034375
0 0.42265625 0.40703125 0.0734375 0.0390625
0 0.4359375 0.46015625 0.0734375 0.0515625
0 0.653125 0.5359375 0.0453125 0.0546875
0 0.734375 0.59375 0.04375 0.0515625
0 0.73828125 0.62734375 0.0578125 0.0390625
0 0.55234375 0.571875 0.0484375 0.0484375
0 0.55234375 0.653125 0.0625 0.0359375
0 0.52109375 0.6125 0.0828125 0.0375
0 0.43828125 0.5640625 0.09375 0.028125
0 0.3640625 0.575 0.040625 0.0546875
0 0.08125 0.61875 0.071875 0.059375
0 0.1328125 0.62421875 0.053125 0.0546875
0 0.1859375 0.625 0.078125 0.046875
0 0.340625 0.62265625 0.1015625 0.0359375
0 0.4078125 0.6171875 0.0703125 0.04375
0 0.32890625 0.64921875 0.0453125 0.0296875
0 0.3890625 0.6546875 0.053125 0.0234375