0 0.61875 0.6421875 0.05703125 0.02890625
0 0.53203125 0.64375 0.11484375 0.06015625
0 0.94921875 0.671875 0.0546875 0.0328125
0 0.521875 0.6828125 0.03671875 0.0359375
0 0.559375 0.68984375 0.08359375 0.0296875
0 0.6015625 0.7140625 0.1015625 0.03203125
0 0.53046875 0.72265625 0.0953125 0.03671875
0 0.56875 0.765625 0.10078125 0.0359375
0 0.64140625 0.76484375 0.05546875 0.04296875
0 0.7 0.79140625 0.05625 0.040625
0 0.72734375 0.76796875 0.06953125 0.02734375
0 0.446875 0.7296875 0.05625 0.05546875
0 0.84765625 0.69140625 0.05078125 0.040625
0 0.7390625 0.625 0.121875 0.04921875
0 0.9453125 0.97265625 0.10234375 0.0546875