0 0.17421875 0.2203125 0.065625 0.1109375
0 0.61875 0.4828125 0.059375 0.0640625
0 0.625 0.4328125 0.0390625 0.05
0 0.65546875 0.41015625 0.0375 0.0859375
0 0.67421875 0.41875 0.04375 0.09375
0 0.68515625 0.490625 0.053125 0.078125
0 0.7109375 0.49921875 0.053125 0.075
0 0.77890625 0.5203125 0.0703125 0.078125
0 0.746875 0.471875 0.040625 0.09375
0 0.71640625 0.4296875 0.0421875 0.09375
0 0.69453125 0.4078125 0.040625 0.0890625
0 0.68203125 0.32109375 0.0359375 0.065625
0 0.70390625 0.36484375 0.040625 0.0734375
0 0.72890625 0.31171875 0.0734375 0.1328125
0 0.76875 0.3609375 0.090625 0.1296875
0 0.73671875 0.2078125 0.0828125 0.0890625
0 0.76953125 0.44375 0.0640625 0.1171875
0 0.9515625 0.5046875 0.096875 0.184375