0 0.503125 0.55078125 0.0765625 0.0796875
0 0.56015625 0.62265625 0.04375 0.0390625
0 0.33515625 0.809375 0.1234375 0.13125
0 0.76640625 0.74765625 0.08125 0.06875
0 0.86875 0.646875 0.046875 0.03125
0 0.9515625 0.65078125 0.065625 0.0359375
0 0.64296875 0.75625 0.0734375 0.0578125
0 0.61171875 0.7140625 0.0796875 0.028125
0 0.6046875 0.678125 0.059375 0.03125
0 0.53828125 0.71171875 0.065625 0.0296875
0 0.4953125 0.71015625 0.065625 0.0390625
0 0.46328125 0.7578125 0.0890625 0.05
0 0.55703125 0.7546875 0.09375 0.0453125
0 0.671875 0.73828125 0.0953125 0.04375
0 0.6515625 0.7203125 0.115625 0.05