0 0.72578125 0.353125 0.1140625 0.075
0 0.77421875 0.4765625 0.090625 0.059375
0 0.81484375 0.51796875 0.090625 0.0828125
0 0.8375 0.53671875 0.0875 0.0546875
0 0.85625 0.5734375 0.1171875 0.0703125
0 0.7609375 0.57265625 0.096875 0.046875
0 0.665625 0.525 0.075 0.0546875
0 0.35546875 0.58984375 0.1015625 0.059375
0 0.20546875 0.70859375 0.125 0.0625
0 0.121875 0.70859375 0.09375 0.06875
0 0.36640625 0.6796875 0.0953125 0.05
0 0.45546875 0.61640625 0.0921875 0.0609375
0 0.42578125 0.65234375 0.10625 0.0625
0 0.42890625 0.59375 0.0859375 0.0734375
0 0.52890625 0.59296875 0.0640625 0.0578125
0 0.56171875 0.55859375 0.0734375 0.0734375
0 0.58671875 0.61484375 0.1015625 0.0625
0 0.69765625 0.61328125 0.0671875 0.04375
0 0.2296875 0.26875 0.1 0.059375
0 0.6109375 0.5265625 0.1046875 0.071875