0 0.6109375 0.3953125 0.0796875 0.05
0 0.6015625 0.4390625 0.05859375 0.0546875
0 0.63984375 0.45859375 0.059375 0.053125
0 0.54140625 0.52421875 0.05078125 0.03203125
0 0.64375 0.55078125 0.07265625 0.03671875
0 0.45078125 0.55703125 0.09375 0.046875
0 0.56328125 0.5859375 0.06796875 0.0546875
0 0.734375 0.61015625 0.07265625 0.0453125
0 0.846875 0.58515625 0.0546875 0.04375
0 0.703125 0.66015625 0.06328125 0.03671875
0 0.36796875 0.6171875 0.06328125 0.04921875
0 0.28203125 0.56875 0.07265625 0.0359375
0 0.19765625 0.63671875 0.05390625 0.04609375
0 0.1390625 0.6203125 0.07734375 0.03984375
0 0.0765625 0.6359375 0.0828125 0.04921875
0 0.48359375 0.596875 0.0484375 0.0421875
0 0.4359375 0.5984375 0.05546875 0.0390625
0 0.5375 0.6171875 0.05703125 0.04921875
0 0.4875 0.62734375 0.0515625 0.04296875
0 0.43359375 0.62421875 0.0453125 0.05
0 0.4234375 0.6515625 0.0671875 0.03984375