0 0.434375 0.4328125 0.0578125 0.1140625
0 0.5328125 0.5984375 0.0671875 0.0828125
0 0.45703125 0.35859375 0.071875 0.1125
0 0.54609375 0.21015625 0.0609375 0.0703125
0 0.55625 0.2953125 0.0765625 0.1140625
0 0.5140625 0.490625 0.0421875 0.096875
0 0.65546875 0.7515625 0.065625 0.0734375
0 0.69609375 0.9078125 0.059375 0.1046875
0 0.58046875 0.6359375 0.0421875 0.109375
0 0.58046875 0.55859375 0.040625 0.0890625
0 0.56171875 0.43359375 0.059375 0.0609375
0 0.51328125 0.33828125 0.040625 0.05625
0 0.60234375 0.371875 0.0578125 0.0921875
0 0.63984375 0.35 0.0296875 0.065625
0 0.6296875 0.61015625 0.0546875 0.059375
0 0.6125 0.55625 0.046875 0.0890625
0 0.653125 0.58828125 0.05 0.0984375
0 0.67734375 0.55546875 0.0328125 0.1234375
0 0.64453125 0.51640625 0.059375 0.071875
0 0.6546875 0.4640625 0.0296875 0.0859375
0 0.15859375 0.10625 0.08125 0.08125
0 0.26875 0.19375 0.0703125 0.0640625
0 0.090625 0.2328125 0.046875 0.0671875