0 0.52578125 0.64609375 0.0390625 0.1015625
0 0.46484375 0.46484375 0.0421875 0.1015625
0 0.4734375 0.59609375 0.0359375 0.0765625
0 0.4671875 0.65390625 0.03125 0.0703125
0 0.3671875 0.8265625 0.0359375 0.1015625
0 0.33515625 0.784375 0.0359375 0.1015625
0 0.371875 0.7046875 0.0484375 0.0890625
0 0.4265625 0.63828125 0.04375 0.0609375
0 0.44375 0.56953125 0.0328125 0.0796875
0 0.42265625 0.55390625 0.0453125 0.0453125
0 0.38125 0.6 0.046875 0.0640625
0 0.42890625 0.41015625 0.0546875 0.096875
0 0.40625 0.4828125 0.053125 0.075
0 0.4015625 0.43359375 0.04375 0.0546875
0 0.3703125 0.3921875 0.05 0.071875
0 0.384375 0.31171875 0.059375 0.075
0 0.3796875 0.20546875 0.05625 0.053125
0 0.8171875 0.6046875 0.0453125 0.0703125
0 0.98046875 0.296875 0.0359375 0.0828125
0 0.9265625 0.946875 0.0671875 0.059375
0 0.48828125 0.775 0.0453125 0.0796875
0 0.384375 0.08046875 0.0484375 0.09375