0 0.571875 0.75625 0.071875 0.071875
0 0.48671875 0.42265625 0.0390625 0.090625
0 0.47265625 0.5203125 0.0375 0.090625
0 0.46796875 0.60625 0.0359375 0.0984375
0 0.46015625 0.71015625 0.0375 0.084375
0 0.44921875 0.7703125 0.0578125 0.0640625
0 0.5 0.1453125 0.0640625 0.0609375
0 0.43671875 0.4265625 0.05 0.08125
0 0.42109375 0.51796875 0.0515625 0.059375
0 0.42109375 0.5484375 0.05 0.0375
0 0.3984375 0.64609375 0.05 0.0703125
0 0.43125 0.63125 0.04375 0.071875
0 0.403125 0.0796875 0.05625 0.0828125
0 0.390625 0.15078125 0.0453125 0.1125
0 0.375 0.2796875 0.05625 0.0921875
0 0.3671875 0.38359375 0.05625 0.090625
0 0.4 0.43359375 0.04375 0.065625
0 0.36875 0.43203125 0.0484375 0.065625
0 0.35078125 0.52734375 0.0453125 0.1015625
0 0.3484375 0.5984375 0.05625 0.071875
0 0.3390625 0.67890625 0.053125 0.109375