0 0.50859375 0.57578125 0.065625 0.0703125
0 0.47890625 0.65546875 0.07890625 0.040625
0 0.54453125 0.67578125 0.075 0.02734375
0 0.6578125 0.70859375 0.059375 0.02734375
0 0.52109375 0.71640625 0.071875 0.028125
0 0.45078125 0.765625 0.09296875 0.0453125
0 0.56484375 0.78359375 0.11171875 0.05390625
0 0.8703125 0.9109375 0.109375 0.03828125
0 0.596875 0.76328125 0.08203125 0.04296875
0 0.93046875 0.7015625 0.059375 0.03671875
0 0.859375 0.6828125 0.04921875 0.0140625
0 0.6484375 0.746875 0.11015625 0.0234375
0 0.6921875 0.765625 0.1203125 0.0265625
0 0.7390625 0.796875 0.11640625 0.0671875
0 0.89765625 0.325 0.0828125 0.04140625