0 0.41875 0.3140625 0.0453125 0.096875
0 0.39453125 0.35 0.04375 0.0953125
0 0.41484375 0.4140625 0.0546875 0.103125
0 0.5515625 0.334375 0.059375 0.05
0 0.59609375 0.24921875 0.0515625 0.090625
0 0.58515625 0.41796875 0.071875 0.0859375
0 0.6109375 0.4484375 0.05 0.0703125
0 0.578125 0.51484375 0.0671875 0.0828125
0 0.61484375 0.53359375 0.0578125 0.071875
0 0.5859375 0.72109375 0.0484375 0.0984375
0 0.61796875 0.6921875 0.0546875 0.09375
0 0.66171875 0.92734375 0.046875 0.1296875
0 0.64609375 0.85234375 0.0484375 0.0921875
0 0.65 0.78828125 0.0671875 0.0796875
0 0.65546875 0.64375 0.0671875 0.090625
0 0.65703125 0.5921875 0.0375 0.09375
0 0.64921875 0.34140625 0.0328125 0.0859375
0 0.63984375 0.3875 0.04375 0.0734375