0 0.5140625 0.5640625 0.090625 0.046875
0 0.4765625 0.59375 0.0890625 0.05625
0 0.53359375 0.628125 0.0859375 0.0359375
0 0.8234375 0.6953125 0.06328125 0.021875
0 0.4234375 0.746875 0.0828125 0.05390625
0 0.47421875 0.6703125 0.06484375 0.059375
0 0.45859375 0.71015625 0.07734375 0.04140625
0 0.565625 0.70625 0.0796875 0.0234375
0 0.5453125 0.71640625 0.08203125 0.0203125
0 0.51015625 0.78203125 0.1109375 0.03203125
0 0.5015625 0.765625 0.1140625 0.034375
0 0.54296875 0.75234375 0.1 0.0328125
0 0.54296875 0.81875 0.06328125 0.0578125
0 0.7 0.82421875 0.11875 0.0546875
0 0.6125 0.796875 0.1109375 0.046875
0 0.728125 0.7859375 0.1359375 0.03671875
0 0.703125 0.75078125 0.08828125 0.0375