0 0.3828125 0.40234375 0.059375 0.0859375
0 0.42734375 0.40625 0.0609375 0.065625
0 0.4421875 0.36640625 0.059375 0.065625
0 0.51875 0.45625 0.0375 0.053125
0 0.5328125 0.35078125 0.0453125 0.0765625
0 0.5625 0.5421875 0.0578125 0.0984375
0 0.57734375 0.4265625 0.0625 0.075
0 0.58046875 0.25390625 0.053125 0.0765625
0 0.5421875 0.1453125 0.05 0.059375
0 0.634375 0.27890625 0.0453125 0.0671875
0 0.63203125 0.61640625 0.0578125 0.06875
0 0.59453125 0.7078125 0.04375 0.075
0 0.67265625 0.78359375 0.053125 0.0578125
0 0.66328125 0.84375 0.05 0.0828125
0 0.68671875 0.90390625 0.059375 0.0890625
0 0.5984375 0.5046875 0.0484375 0.053125
0 0.60546875 0.5515625 0.0453125 0.0609375
0 0.61171875 0.4484375 0.05625 0.0625
0 0.628125 0.496875 0.05 0.05625
0 0.63125 0.55078125 0.0546875 0.0515625
0 0.659375 0.5578125 0.0484375 0.071875