0 0.74921875 0.84765625 0.0734375 0.053125
0 0.89921875 0.765625 0.05 0.0390625
0 0.81796875 0.7390625 0.0734375 0.04375
0 0.48828125 0.5515625 0.090625 0.084375
0 0.41484375 0.6734375 0.0796875 0.0875
0 0.50234375 0.6859375 0.04375 0.0328125
0 0.52734375 0.67578125 0.071875 0.034375
0 0.534375 0.64453125 0.06875 0.034375
0 0.65859375 0.73671875 0.109375 0.040625
0 0.703125 0.78203125 0.046875 0.028125
0 0.603125 0.790625 0.103125 0.0484375
0 0.4359375 0.796875 0.11875 0.05
0 0.39453125 0.7484375 0.0734375 0.053125
0 0.4765625 0.78046875 0.11875 0.05
0 0.48828125 0.75390625 0.0875 0.0390625
0 0.496875 0.73671875 0.0984375 0.0328125
0 0.4828125 0.721875 0.071875 0.028125
0 0.54609375 0.7375 0.071875 0.0375
0 0.59765625 0.7625 0.128125 0.0390625