0 0.8640625 0.5015625 0.1140625 0.1859375
0 0.14140625 0.8875 0.0859375 0.134375
0 0.2734375 0.9453125 0.09375 0.109375
0 0.3625 0.71328125 0.05625 0.090625
0 0.34921875 0.6046875 0.04375 0.0765625
0 0.27109375 0.7359375 0.0609375 0.0890625
0 0.2125 0.4828125 0.0546875 0.0765625
0 0.23671875 0.53359375 0.0625 0.1171875
0 0.32890625 0.7328125 0.065625 0.134375
0 0.4015625 0.95078125 0.03125 0.05
0 0.2953125 0.6390625 0.0484375 0.06875
0 0.309375 0.67109375 0.046875 0.0640625
0 0.2875 0.5609375 0.0453125 0.08125
0 0.30703125 0.58828125 0.040625 0.0921875
0 0.3484375 0.54453125 0.0546875 0.05