0 0.51328125 0.44375 0.128125 0.06484375
0 0.66875 0.76171875 0.09609375 0.04453125
0 0.51015625 0.63828125 0.04921875 0.059375
0 0.57421875 0.64609375 0.0453125 0.02109375
0 0.65 0.62109375 0.0390625 0.01484375
0 0.440625 0.70546875 0.065625 0.0421875
0 0.53671875 0.77890625 0.05703125 0.046875
0 0.54453125 0.6796875 0.09921875 0.01875
0 0.596875 0.7265625 0.0625 0.0234375
0 0.44140625 0.7390625 0.06171875 0.040625
0 0.49375 0.7421875 0.0484375 0.028125
0 0.50234375 0.715625 0.059375 0.02265625
0 0.553125 0.703125 0.08671875 0.02421875
0 0.75390625 0.79296875 0.059375 0.06171875
0 0.92734375 0.703125 0.04140625 0.03046875
0 0.8453125 0.690625 0.03984375 0.0359375