0 0.6734375 0.7140625 0.09609375 0.0296875
0 0.5921875 0.73203125 0.08515625 0.02890625
0 0.55703125 0.821875 0.121875 0.0515625
0 0.53359375 0.7765625 0.12265625 0.0421875
0 0.60625 0.7625 0.10234375 0.03203125
0 0.74140625 0.81796875 0.1 0.0453125
0 0.6796875 0.7859375 0.11171875 0.05078125
0 0.45234375 0.7328125 0.0921875 0.046875
0 0.453125 0.69375 0.04453125 0.03984375
0 0.553125 0.67890625 0.08671875 0.021875
0 0.8421875 0.6921875 0.0484375 0.02421875
0 0.81953125 0.60078125 0.05859375 0.01875