0 0.68046875 0.34375 0.06796875 0.04765625
0 0.68984375 0.43671875 0.11171875 0.04765625
0 0.27109375 0.49765625 0.0890625 0.04296875
0 0.72578125 0.52265625 0.08359375 0.02578125
0 0.596875 0.53359375 0.053125 0.05390625
0 0.6546875 0.5828125 0.08125 0.03046875
0 0.725 0.61640625 0.0859375 0.03828125
0 0.85390625 0.6171875 0.096875 0.03515625
0 0.76484375 0.65703125 0.08828125 0.0296875
0 0.6734375 0.65703125 0.06015625 0.02734375
0 0.56328125 0.5859375 0.06015625 0.04296875
0 0.471875 0.58359375 0.075 0.0515625
0 0.26171875 0.58046875 0.0515625 0.05
0 0.14140625 0.62578125 0.06015625 0.0453125
0 0.2015625 0.6328125 0.07265625 0.04609375
0 0.42734375 0.60234375 0.07109375 0.04375
0 0.29765625 0.646875 0.0734375 0.04140625
0 0.34296875 0.65234375 0.07734375 0.0375
0 0.40390625 0.65234375 0.0734375 0.04296875
0 0.51796875 0.63984375 0.0421875 0.0328125
0 0.55390625 0.65234375 0.059375 0.02109375