0 0.646875 0.48203125 0.103125 0.0453125
0 0.4625 0.5328125 0.103125 0.0484375
0 0.59453125 0.53125 0.078125 0.040625
0 0.65234375 0.54140625 0.071875 0.0359375
0 0.81875 0.65 0.103125 0.0421875
0 0.77578125 0.6796875 0.103125 0.0421875
0 0.69765625 0.63828125 0.0921875 0.053125
0 0.634375 0.58125 0.0640625 0.046875
0 0.56640625 0.559375 0.08125 0.0359375
0 0.55 0.5796875 0.0484375 0.0484375
0 0.59375 0.6234375 0.0671875 0.05
0 0.40625 0.56640625 0.0984375 0.059375
0 0.47734375 0.59296875 0.0765625 0.0578125
0 0.42890625 0.59453125 0.0578125 0.0453125
0 0.3859375 0.62421875 0.0734375 0.053125
0 0.30625 0.60546875 0.078125 0.0640625
0 0.2 0.6046875 0.0546875 0.0578125
0 0.62109375 0.1890625 0.0734375 0.0484375
0 0.321875 0.0140625 0.084375 0.028125
0 0.96875 0.09765625 0.0625 0.0703125
0 0.7734375 0.5265625 0.08125 0.0484375
0 0.075 0.59375 0.096875 0.053125