0 0.0421875 0.0234375 0.08125 0.04375
0 0.55390625 0.38828125 0.075 0.04140625
0 0.68203125 0.4109375 0.05390625 0.0421875
0 0.75 0.421875 0.0921875 0.03203125
0 0.4953125 0.41640625 0.034375 0.040625
0 0.71640625 0.54453125 0.065625 0.04375
0 0.596875 0.50703125 0.08359375 0.03515625
0 0.72734375 0.51484375 0.09921875 0.03828125
0 0.35390625 0.528125 0.096875 0.03125
0 0.2640625 0.56640625 0.06484375 0.040625
0 0.34140625 0.5703125 0.08203125 0.046875
0 0.525 0.5328125 0.08828125 0.04140625
0 0.5421875 0.56328125 0.0453125 0.04765625
0 0.56484375 0.54765625 0.04375 0.046875
0 0.5953125 0.54140625 0.04140625 0.05078125
0 0.653125 0.5953125 0.05078125 0.05
0 0.73984375 0.60625 0.0734375 0.03515625
0 0.778125 0.61875 0.103125 0.0234375
0 0.74375 0.65 0.10078125 0.02578125
0 0.540625 0.61796875 0.04375 0.040625
0 0.578125 0.64296875 0.05390625 0.046875
0 0.628125 0.64765625 0.053125 0.03671875
0 0.59296875 0.61328125 0.08125 0.02890625
0 0.4328125 0.6015625 0.0671875 0.03984375
0 0.3421875 0.6078125 0.0484375 0.0453125
0 0.38828125 0.6234375 0.0421875 0.05
0 0.27109375 0.60703125 0.05859375 0.05078125
0 0.19296875 0.6359375 0.05 0.04765625
0 0.13359375 0.6375 0.04453125 0.04765625
0 0.07109375 0.63203125 0.07421875 0.0515625
0 0.2703125 0.64609375 0.07265625 0.0421875
0 0.328125 0.65546875 0.0625 0.02578125
0 0.390625 0.66328125 0.078125 0.02890625
0 0.4359375 0.63984375 0.07109375 0.0265625
0 0.415625 0.47265625 0.0796875 0.03046875