0 0.5296875 0.378125 0.0703125 0.059375
0 0.1109375 0.7171875 0.1078125 0.0703125
0 0.22265625 0.70078125 0.115625 0.059375
0 0.265625 0.659375 0.065625 0.0578125
0 0.321875 0.6421875 0.0828125 0.075
0 0.37109375 0.59296875 0.0859375 0.059375
0 0.44375 0.54140625 0.096875 0.0546875
0 0.5375 0.46328125 0.0953125 0.0609375
0 0.5375 0.50859375 0.0921875 0.053125
0 0.83671875 0.54921875 0.0765625 0.075
0 0.60859375 0.62265625 0.0828125 0.0484375
0 0.4453125 0.65390625 0.0828125 0.046875
0 0.38515625 0.65234375 0.0546875 0.0640625
0 0.6453125 0.55078125 0.0796875 0.0625
0 0.575 0.56328125 0.075 0.06875
0 0.478125 0.56953125 0.0875 0.053125
0 0.4734375 0.60703125 0.0953125 0.05625
0 0.6203125 0.503125 0.06875 0.0328125