0 0.475 0.2625 0.053125 0.075
0 0.51875 0.3640625 0.0421875 0.0828125
0 0.5265625 0.4578125 0.0546875 0.0640625
0 0.584375 0.44140625 0.0546875 0.0421875
0 0.61875 0.2734375 0.0390625 0.06875
0 0.653125 0.23515625 0.0421875 0.0671875
0 0.6125 0.3765625 0.0375 0.078125
0 0.64609375 0.36875 0.0453125 0.05
0 0.63046875 0.471875 0.04375 0.0453125
0 0.653125 0.42734375 0.03125 0.0421875
0 0.60625 0.52578125 0.0421875 0.065625
0 0.66953125 0.59140625 0.034375 0.0890625
0 0.64453125 0.58125 0.0359375 0.1078125
0 0.5921875 0.65859375 0.046875 0.0859375
0 0.64140625 0.6828125 0.0296875 0.0359375
0 0.60625 0.72265625 0.0421875 0.040625
0 0.60234375 0.7734375 0.0421875 0.0546875
0 0.61640625 0.81953125 0.0515625 0.0390625
0 0.61484375 0.86484375 0.046875 0.0453125
0 0.615625 0.934375 0.046875 0.0765625
0 0.63984375 0.74140625 0.028125 0.071875
0 0.5875 0.5765625 0.0484375 0.0515625