0 0.7234375 0.48359375 0.0921875 0.046875
0 0.58203125 0.471875 0.06875 0.0359375
0 0.55703125 0.43125 0.04921875 0.0375
0 0.42578125 0.51640625 0.07734375 0.0296875
0 0.32890625 0.5453125 0.0484375 0.040625
0 0.2375 0.57890625 0.05078125 0.03671875
0 0.07890625 0.6359375 0.04921875 0.04140625
0 0.1421875 0.6359375 0.046875 0.03984375
0 0.19453125 0.625 0.0390625 0.04921875
0 0.246875 0.6234375 0.065625 0.03046875
0 0.31484375 0.5984375 0.046875 0.05078125
0 0.29296875 0.6515625 0.07578125 0.021875
0 0.4328125 0.603125 0.0515625 0.0328125
0 0.56328125 0.5515625 0.08359375 0.0296875
0 0.4984375 0.61484375 0.04453125 0.04609375
0 0.5578125 0.58515625 0.0421875 0.03984375
0 0.73828125 0.61015625 0.0375 0.034375
0 0.8171875 0.66796875 0.0703125 0.02421875
0 0.61171875 0.653125 0.04296875 0.0265625
0 0.675 0.53984375 0.0484375 0.0359375
0 0.534375 0.6515625 0.06640625 0.0234375
0 0.540625 0.6203125 0.0328125 0.0328125
0 0.44453125 0.6515625 0.1171875 0.03046875
0 0.59296875 0.61796875 0.059375 0.05546875