0 0.7265625 0.425 0.08203125 0.028125
0 0.64140625 0.428125 0.075 0.0453125
0 0.64921875 0.48984375 0.0390625 0.053125
0 0.68984375 0.46171875 0.0828125 0.03203125
0 0.41953125 0.41015625 0.07265625 0.0359375
0 0.434375 0.4625 0.071875 0.0484375
0 0.65390625 0.53046875 0.04296875 0.053125
0 0.7375 0.58515625 0.0421875 0.05
0 0.7421875 0.61875 0.05546875 0.03828125
0 0.5546875 0.5703125 0.04765625 0.046875
0 0.5578125 0.6515625 0.0609375 0.034375
0 0.525 0.61171875 0.08046875 0.03515625
0 0.440625 0.56640625 0.0921875 0.025
0 0.36640625 0.5796875 0.0390625 0.05390625
0 0.0859375 0.63359375 0.0703125 0.05546875
0 0.1375 0.63671875 0.0515625 0.05234375
0 0.190625 0.6359375 0.0765625 0.04296875
0 0.3453125 0.628125 0.10078125 0.0328125
0 0.41171875 0.6203125 0.06796875 0.04140625
0 0.334375 0.65546875 0.04375 0.02734375
0 0.39453125 0.65859375 0.05390625 0.02265625