0 0.5703125 0.7125 0.0671875 0.1015625
0 0.546875 0.57265625 0.0515625 0.075
0 0.58046875 0.5390625 0.0484375 0.0578125
0 0.46640625 0.43203125 0.0484375 0.0828125
0 0.41484375 0.3453125 0.0515625 0.05625
0 0.36015625 0.2640625 0.0484375 0.0578125
0 0.26640625 0.12421875 0.0515625 0.0578125
0 0.28125 0.1859375 0.05 0.0546875
0 0.3046875 0.23359375 0.0578125 0.05
0 0.31875 0.284375 0.046875 0.071875
0 0.359375 0.34453125 0.059375 0.0578125
0 0.303125 0.3359375 0.0390625 0.078125
0 0.38359375 0.459375 0.04375 0.0578125
0 0.465625 0.57421875 0.0484375 0.0890625
0 0.38828125 0.5265625 0.05625 0.053125
0 0.43125 0.5765625 0.05 0.05
0 0.45078125 0.7578125 0.0421875 0.0453125
0 0.4140625 0.8484375 0.040625 0.075
0 0.378125 0.6453125 0.0359375 0.0484375
0 0.50390625 0.6796875 0.046875 0.05625
0 0.3609375 0.5703125 0.0390625 0.06875
0 0.39296875 0.56875 0.0390625 0.0390625
0 0.33984375 0.4828125 0.059375 0.121875
0 0.4078125 0.61875 0.06875 0.071875