0 0.74921875 0.40625 0.0671875 0.06484375
0 0.42421875 0.5203125 0.0875 0.03125
0 0.52265625 0.52578125 0.0890625 0.0296875
0 0.60859375 0.52265625 0.09765625 0.02890625
0 0.7125 0.52109375 0.08203125 0.03125
0 0.7734375 0.52734375 0.05859375 0.05390625
0 0.146875 0.53125 0.05546875 0.059375
0 0.43203125 0.56953125 0.07734375 0.04296875
0 0.525 0.57734375 0.05546875 0.046875
0 0.55546875 0.57421875 0.0328125 0.046875
0 0.6546875 0.58828125 0.0671875 0.04375
0 0.63671875 0.55703125 0.06953125 0.0375
0 0.08984375 0.6328125 0.07890625 0.04921875
0 0.16171875 0.6390625 0.109375 0.0359375
0 0.29140625 0.64375 0.0890625 0.0484375
0 0.3953125 0.6421875 0.08671875 0.0484375
0 0.4421875 0.60546875 0.0625 0.0390625
0 0.44375 0.63671875 0.0625 0.04453125
0 0.53984375 0.64609375 0.0984375 0.03828125
0 0.6109375 0.6421875 0.0671875 0.04921875
0 0.6921875 0.64453125 0.10625 0.04296875