0 0.55078125 0.51328125 0.0796875 0.1078125
0 0.64296875 0.48203125 0.040625 0.053125
0 0.68203125 0.4796875 0.034375 0.0671875
0 0.66953125 0.55546875 0.05 0.0734375
0 0.74375 0.53203125 0.0515625 0.06875
0 0.70625 0.61015625 0.05625 0.084375
0 0.7578125 0.62265625 0.0625 0.0765625
0 0.79296875 0.43984375 0.0546875 0.103125
0 0.8546875 0.3140625 0.0640625 0.05625
0 0.73671875 0.44921875 0.046875 0.08125
0 0.765625 0.38828125 0.0515625 0.0984375
0 0.76875 0.42109375 0.0453125 0.0921875
0 0.80546875 0.3015625 0.0515625 0.096875
0 0.78046875 0.12109375 0.0421875 0.046875
0 0.75390625 0.19375 0.0453125 0.071875