0 0.5125 0.2609375 0.0625 0.08125
0 0.53984375 0.36875 0.053125 0.0875
0 0.5328125 0.4625 0.0640625 0.071875
0 0.5921875 0.4546875 0.059375 0.05
0 0.653125 0.2953125 0.05 0.0734375
0 0.69296875 0.26171875 0.053125 0.071875
0 0.63046875 0.3953125 0.0484375 0.08125
0 0.66484375 0.39375 0.0515625 0.05625
0 0.63359375 0.4921875 0.05 0.0515625
0 0.66328125 0.45234375 0.0375 0.0453125
0 0.60078125 0.5421875 0.0515625 0.0703125
0 0.653125 0.61640625 0.046875 0.0921875
0 0.63046875 0.60234375 0.053125 0.1109375
0 0.56640625 0.67109375 0.059375 0.090625
0 0.6109375 0.703125 0.034375 0.0390625
0 0.5703125 0.73671875 0.046875 0.046875
0 0.55859375 0.7859375 0.05 0.059375
0 0.56484375 0.834375 0.05625 0.046875
0 0.55625 0.87890625 0.053125 0.0515625
0 0.54609375 0.94765625 0.0578125 0.08125
0 0.60078125 0.7609375 0.0375 0.0734375
0 0.57421875 0.5890625 0.05625 0.0578125