0 0.40546875 0.49296875 0.08125 0.090625
0 0.4796875 0.790625 0.0625 0.0984375
0 0.51015625 0.87578125 0.0609375 0.0890625
0 0.3265625 0.51171875 0.0890625 0.115625
0 0.31015625 0.696875 0.04375 0.0765625
0 0.26875 0.74765625 0.0546875 0.115625
0 0.253125 0.6453125 0.0515625 0.1109375
0 0.28125 0.6140625 0.0609375 0.13125
0 0.2890625 0.58203125 0.0484375 0.109375
0 0.30703125 0.59140625 0.05625 0.134375
0 0.2109375 0.81015625 0.109375 0.1984375
0 0.221875 0.59609375 0.078125 0.1421875
0 0.20625 0.59453125 0.0765625 0.1453125
0 0.38125 0.846875 0.03125 0.0484375
0 0.415625 0.909375 0.0375 0.0625
0 0.403125 0.9484375 0.0453125 0.075
0 0.390625 0.58515625 0.053125 0.06875
0 0.246875 0.5109375 0.0578125 0.109375