0 0.44140625 0.6390625 0.08046875 0.078125
0 0.5921875 0.653125 0.0796875 0.02890625
0 0.5453125 0.80546875 0.09765625 0.0390625
0 0.5078125 0.771875 0.11328125 0.034375
0 0.43828125 0.73046875 0.07421875 0.06171875
0 0.671875 0.71796875 0.10078125 0.03203125
0 0.72265625 0.78515625 0.08984375 0.07109375
0 0.74375 0.7515625 0.06328125 0.046875
0 0.6390625 0.75859375 0.13125 0.0390625
0 0.60078125 0.728125 0.06953125 0.02578125
0 0.56796875 0.7421875 0.0921875 0.02890625
0 0.52265625 0.725 0.0890625 0.0234375
0 0.48671875 0.68671875 0.065625 0.05703125
0 0.61640625 0.70390625 0.090625 0.01875