0 0.47890625 0.17265625 0.06015625 0.05390625
0 0.8171875 0.303125 0.07109375 0.05703125
0 0.6796875 0.3875 0.07890625 0.05078125
0 0.67734375 0.41953125 0.07578125 0.028125
0 0.65234375 0.43984375 0.07734375 0.034375
0 0.15625 0.55234375 0.07890625 0.046875
0 0.26875 0.56171875 0.0796875 0.05859375
0 0.08046875 0.621875 0.059375 0.0546875
0 0.12734375 0.63515625 0.046875 0.04921875
0 0.1859375 0.628125 0.0515625 0.04453125
0 0.23984375 0.62890625 0.06640625 0.0328125
0 0.23515625 0.65625 0.07578125 0.03125
0 0.30859375 0.6515625 0.05859375 0.028125
0 0.365625 0.63984375 0.053125 0.0484375
0 0.43828125 0.60234375 0.04296875 0.0546875
0 0.52421875 0.61875 0.059375 0.0421875
0 0.47109375 0.63359375 0.07578125 0.02734375
0 0.49453125 0.659375 0.07265625 0.0328125
0 0.4828125 0.51875 0.0546875 0.02734375
0 0.65546875 0.5203125 0.0734375 0.0203125
0 0.546875 0.5390625 0.06640625 0.0203125
0 0.55078125 0.5671875 0.03125 0.046875
0 0.67109375 0.55390625 0.07265625 0.0375
0 0.62421875 0.53203125 0.04765625 0.01953125
0 0.61484375 0.565625 0.03984375 0.05078125
0 0.7421875 0.603125 0.0796875 0.02890625
0 0.6515625 0.596875 0.08984375 0.0421875
0 0.571875 0.60859375 0.0453125 0.0484375
0 0.61875 0.646875 0.04921875 0.04140625
0 0.66640625 0.646875 0.05078125 0.04140625
0 0.71171875 0.6390625 0.06640625 0.0453125
0 0.78671875 0.64453125 0.08984375 0.04296875