0 0.49375 0.57578125 0.078125 0.08125
0 0.45 0.6484375 0.084375 0.0546875
0 0.51015625 0.68125 0.0796875 0.0421875
0 0.61484375 0.73515625 0.0640625 0.0390625
0 0.4796875 0.71640625 0.0765625 0.040625
0 0.40078125 0.7515625 0.1 0.0625
0 0.509375 0.790625 0.1203125 0.0734375
0 0.78515625 0.97265625 0.1140625 0.0546875
0 0.54453125 0.7765625 0.0875 0.0578125
0 0.884375 0.7796875 0.065625 0.0484375
0 0.81796875 0.74765625 0.0515625 0.0234375
0 0.5984375 0.7703125 0.1125 0.04375
0 0.63828125 0.79765625 0.1234375 0.0484375
0 0.678125 0.83671875 0.1265625 0.0875
0 0.9234375 0.40390625 0.0890625 0.05625