0 0.55625 0.43671875 0.046875 0.0671875
0 0.665625 0.30625 0.0625 0.1015625
0 0.71875 0.28828125 0.08125 0.103125
0 0.753125 0.26484375 0.0796875 0.1390625
0 0.65859375 0.4203125 0.040625 0.071875
0 0.6671875 0.40703125 0.034375 0.0578125
0 0.67734375 0.38828125 0.0359375 0.071875
0 0.684375 0.40703125 0.034375 0.0765625
0 0.70546875 0.428125 0.0296875 0.059375
0 0.70078125 0.36640625 0.0421875 0.0796875
0 0.71953125 0.42265625 0.034375 0.0796875
0 0.73984375 0.440625 0.040625 0.0671875
0 0.74140625 0.49453125 0.040625 0.090625
0 0.69296875 0.20390625 0.0640625 0.071875
0 0.60859375 0.12265625 0.0296875 0.05
0 0.59921875 0.025 0.0390625 0.05