0 0.7296875 0.584375 0.090625 0.1984375
0 0.45 0.50234375 0.0765625 0.1125
0 0.3484375 0.46953125 0.0671875 0.0578125
0 0.3390625 0.5109375 0.0390625 0.06875
0 0.39296875 0.56015625 0.025 0.05625
0 0.303125 0.440625 0.0421875 0.071875
0 0.28515625 0.5140625 0.0359375 0.08125
0 0.31328125 0.55 0.0265625 0.05625
0 0.30625 0.86796875 0.0234375 0.040625
0 0.27421875 0.8453125 0.03125 0.053125
0 0.28515625 0.934375 0.04375 0.0375
0 0.14921875 0.75390625 0.0453125 0.065625
0 0.2140625 0.69609375 0.0421875 0.121875
0 0.234375 0.51484375 0.05 0.1140625
0 0.2421875 0.634375 0.0390625 0.1078125
0 0.2640625 0.66875 0.0359375 0.05625
0 0.26328125 0.575 0.0296875 0.109375