0 0.90859375 0.84453125 0.084375 0.0671875
0 0.853125 0.81171875 0.1203125 0.05625
0 0.73203125 0.825 0.1203125 0.05625
0 0.59140625 0.8171875 0.06875 0.0625
0 0.60078125 0.76328125 0.065625 0.0625
0 0.61640625 0.68203125 0.05625 0.0671875
0 0.625 0.72109375 0.053125 0.0421875
0 0.659375 0.684375 0.0484375 0.0546875
0 0.7234375 0.77890625 0.08125 0.034375
0 0.87734375 0.74609375 0.103125 0.0375
0 0.79453125 0.77578125 0.078125 0.0296875
0 0.725 0.73515625 0.0828125 0.0359375
0 0.67890625 0.7234375 0.0578125 0.0578125