0 0.7953125 0.809375 0.06796875 0.04296875
0 0.93203125 0.7078125 0.0453125 0.0328125
0 0.8484375 0.6921875 0.06875 0.034375
0 0.4953125 0.55234375 0.08046875 0.0734375
0 0.43984375 0.68359375 0.06796875 0.07890625
0 0.528125 0.68359375 0.04140625 0.02734375
0 0.5515625 0.6703125 0.06875 0.025
0 0.55390625 0.63828125 0.06640625 0.02421875
0 0.68984375 0.7125 0.10546875 0.0265625
0 0.740625 0.75078125 0.04453125 0.02265625
0 0.6421875 0.7734375 0.10078125 0.03515625
0 0.478125 0.803125 0.115625 0.034375
0 0.43046875 0.7609375 0.06796875 0.04296875
0 0.515625 0.78125 0.11484375 0.03515625
0 0.5234375 0.753125 0.084375 0.02734375
0 0.5296875 0.73515625 0.09765625 0.01875
0 0.5140625 0.721875 0.0703125 0.01953125
0 0.57890625 0.72890625 0.06953125 0.02734375
0 0.6328125 0.74609375 0.1265625 0.02265625