0 0.603125 0.6203125 0.04375 0.0875
0 0.546875 0.95859375 0.05 0.06875
0 0.49140625 0.9390625 0.059375 0.0609375
0 0.5859375 0.2828125 0.053125 0.0625
0 0.50625 0.496875 0.0328125 0.11875
0 0.4359375 0.3640625 0.034375 0.1
0 0.421875 0.2703125 0.04375 0.084375
0 0.36484375 0.0921875 0.0421875 0.0625
0 0.37734375 0.140625 0.053125 0.053125
0 0.36328125 0.1921875 0.05 0.05625
0 0.36484375 0.2578125 0.040625 0.078125
0 0.42265625 0.48203125 0.053125 0.046875
0 0.4171875 0.5640625 0.046875 0.06875
0 0.40078125 0.51171875 0.046875 0.0375
0 0.39140625 0.44140625 0.0578125 0.053125
0 0.3515625 0.41953125 0.034375 0.059375
0 0.34140625 0.51171875 0.03125 0.10625
0 0.38203125 0.540625 0.046875 0.040625
0 0.35546875 0.609375 0.046875 0.05
0 0.38125 0.684375 0.05625 0.040625
0 0.3890625 0.740625 0.0359375 0.0625
0 0.36796875 0.77578125 0.034375 0.0953125