0 0.54453125 0.51484375 0.0828125 0.05859375
0 0.5234375 0.58203125 0.08828125 0.05703125
0 0.46171875 0.6671875 0.06328125 0.0671875
0 0.4546875 0.75078125 0.0953125 0.06796875
0 0.71328125 0.78203125 0.0703125 0.04453125
0 0.55234375 0.67421875 0.06875 0.02890625
0 0.53359375 0.68203125 0.0765625 0.034375
0 0.60546875 0.6953125 0.0859375 0.025
0 0.60390625 0.71640625 0.10703125 0.03046875
0 0.52265625 0.71796875 0.0953125 0.02109375
0 0.56171875 0.74296875 0.0953125 0.034375
0 0.65859375 0.75546875 0.06015625 0.03046875
0 0.6859375 0.7484375 0.0609375 0.03125
0 0.7015625 0.7296875 0.1078125 0.040625
0 0.63515625 0.75234375 0.06171875 0.04140625
0 0.7171875 0.5765625 0.09375 0.03671875