0 0.1734375 0.5328125 0.0546875 0.0609375
0 0.2921875 0.18984375 0.059375 0.0734375
0 0.38125 0.32421875 0.053125 0.0796875
0 0.41328125 0.32578125 0.03125 0.0765625
0 0.434375 0.35 0.0375 0.0796875
0 0.5640625 0.84140625 0.05 0.0796875
0 0.56953125 0.72890625 0.0625 0.08125
0 0.63671875 0.91484375 0.05625 0.0609375
0 0.6484375 0.86796875 0.0515625 0.0484375
0 0.6390625 0.809375 0.0453125 0.053125
0 0.63828125 0.75546875 0.034375 0.0671875
0 0.665625 0.759375 0.034375 0.0765625
0 0.6578125 0.6859375 0.0296875 0.0609375
0 0.64453125 0.6296875 0.05 0.0546875
0 0.6046875 0.5578125 0.05625 0.0453125
0 0.61796875 0.471875 0.04375 0.0609375
0 0.634375 0.52421875 0.03125 0.0765625
0 0.659375 0.5 0.0359375 0.0734375
0 0.51953125 0.51640625 0.0296875 0.05625
0 0.51484375 0.34375 0.0234375 0.0734375
0 0.5375 0.4515625 0.021875 0.065625
0 0.565625 0.446875 0.0484375 0.0328125
0 0.54765625 0.32734375 0.040625 0.0734375
0 0.52734375 0.375 0.0203125 0.046875
0 0.56171875 0.3828125 0.0515625 0.0421875
0 0.59453125 0.2546875 0.03125 0.08125
0 0.59140625 0.3453125 0.0453125 0.0921875
0 0.60625 0.42421875 0.05 0.046875
0 0.64296875 0.3765625 0.0421875 0.0515625
0 0.640625 0.32890625 0.0421875 0.0515625
0 0.63125 0.28359375 0.046875 0.0671875
0 0.634375 0.20859375 0.046875 0.0921875