0 0.56640625 0.56640625 0.0609375 0.115625
0 0.465625 0.4015625 0.06875 0.0828125
0 0.5453125 0.640625 0.0734375 0.1140625
0 0.459375 0.790625 0.0625 0.071875
0 0.446875 0.70546875 0.078125 0.1140625
0 0.48671875 0.509375 0.04375 0.096875
0 0.340625 0.25078125 0.0671875 0.0734375
0 0.296875 0.0953125 0.0625 0.10625
0 0.4171875 0.365625 0.04375 0.109375
0 0.41796875 0.4421875 0.0421875 0.0890625
0 0.43984375 0.5671875 0.059375 0.0625
0 0.4890625 0.6625 0.0421875 0.05625
0 0.39921875 0.6296875 0.0578125 0.09375
0 0.3625 0.65234375 0.03125 0.065625
0 0.36796875 0.3921875 0.05625 0.059375
0 0.3859375 0.44609375 0.0484375 0.0890625
0 0.3453125 0.41484375 0.0515625 0.0984375
0 0.321875 0.44765625 0.034375 0.1234375
0 0.35546875 0.48671875 0.059375 0.071875
0 0.34609375 0.53828125 0.03125 0.0859375
0 0.8484375 0.8875 0.0828125 0.0828125
0 0.73671875 0.8015625 0.0703125 0.065625
0 0.9140625 0.76015625 0.0484375 0.0671875