0 0.5484375 0.4953125 0.078125 0.075
0 0.628125 0.4609375 0.06875 0.0890625
0 0.64140625 0.2765625 0.040625 0.071875
0 0.6359375 0.12890625 0.0375 0.0484375
0 0.6328125 0.03203125 0.053125 0.05
0 0.79140625 0.52109375 0.046875 0.0921875
0 0.7609375 0.3609375 0.05625 0.1109375
0 0.72421875 0.321875 0.046875 0.1015625
0 0.70703125 0.37265625 0.046875 0.0890625
0 0.709375 0.4546875 0.0359375 0.078125
0 0.75546875 0.20390625 0.0390625 0.0796875
0 0.67734375 0.16484375 0.0359375 0.059375
0 0.73203125 0.4265625 0.0421875 0.0921875
0 0.79453125 0.19375 0.0765625 0.08125
0 0.67734375 0.4015625 0.0375 0.0515625
0 0.75 0.50859375 0.04375 0.0953125
0 0.678125 0.46640625 0.05625 0.0890625
0 0.86796875 0.03828125 0.0515625 0.0765625