0 0.496875 0.55234375 0.0984375 0.06171875
0 0.54453125 0.63671875 0.0484375 0.03125
0 0.5546875 0.675 0.0640625 0.021875
0 0.478125 0.6765625 0.0671875 0.03828125
0 0.51484375 0.7453125 0.0625 0.040625
0 0.43125 0.7234375 0.078125 0.0421875
0 0.42890625 0.7765625 0.06875 0.05
0 0.61484375 0.77578125 0.0984375 0.0359375
0 0.75 0.8125 0.046875 0.05625
0 0.5953125 0.72265625 0.0765625 0.0328125
0 0.66015625 0.73984375 0.09453125 0.03359375
0 0.62890625 0.7484375 0.0890625 0.02890625
0 0.753125 0.76171875 0.0921875 0.03359375
0 0.92578125 0.703125 0.040625 0.03359375
0 0.84921875 0.690625 0.0671875 0.0328125