0 0.496875 0.5484375 0.06484375 0.06875
0 0.51875 0.6328125 0.08046875 0.05625
0 0.6984375 0.67421875 0.06875 0.0296875
0 0.8453125 0.6921875 0.04453125 0.03125
0 0.94140625 0.7046875 0.04375 0.046875
0 0.43359375 0.784375 0.08671875 0.03359375
0 0.596875 0.7796875 0.10546875 0.040625
0 0.640625 0.74921875 0.09609375 0.0328125
0 0.59375 0.72421875 0.08515625 0.03359375
0 0.51171875 0.7140625 0.075 0.02421875
0 0.75234375 0.7984375 0.0765625 0.02734375
0 0.803125 0.72734375 0.05625 0.02890625
0 0.5359375 0.740625 0.0890625 0.02734375
0 0.75625 0.8390625 0.07109375 0.065625
0 0.56953125 0.690625 0.04765625 0.03125
0 0.45234375 0.7453125 0.0921875 0.0296875
0 0.50546875 0.68125 0.0828125 0.04453125
0 0.91875 0.9390625 0.11328125 0.03515625