0 0.21640625 0.6796875 0.071875 0.1234375
0 0.17265625 0.5671875 0.0625 0.1109375
0 0.28671875 0.67421875 0.05 0.1
0 0.27734375 0.615625 0.040625 0.09375
0 0.28359375 0.55 0.0359375 0.0859375
0 0.29296875 0.57421875 0.03125 0.0796875
0 0.296875 0.509375 0.0390625 0.0921875
0 0.3265625 0.5078125 0.0390625 0.078125
0 0.37109375 0.56640625 0.0390625 0.05625
0 0.33984375 0.5703125 0.025 0.0796875
0 0.32109375 0.571875 0.0328125 0.0796875
0 0.2015625 0.45078125 0.05 0.1015625
0 0.25078125 0.5078125 0.0390625 0.0671875
0 0.23984375 0.57734375 0.04375 0.115625
0 0.19375 0.52109375 0.0578125 0.0640625
0 0.24375 0.76015625 0.0515625 0.09375