0 0.41875 0.37109375 0.0640625 0.0875
0 0.459375 0.3890625 0.065625 0.06875
0 0.4859375 0.3546875 0.0640625 0.06875
0 0.53203125 0.4640625 0.040625 0.0546875
0 0.57734375 0.36875 0.05 0.078125
0 0.546875 0.559375 0.0640625 0.1015625
0 0.59609375 0.45390625 0.0671875 0.078125
0 0.653125 0.290625 0.0578125 0.0796875
0 0.65 0.17578125 0.053125 0.0625
0 0.69609375 0.33125 0.0484375 0.06875
0 0.58984375 0.65234375 0.0609375 0.0703125
0 0.52578125 0.72734375 0.0484375 0.078125
0 0.5765625 0.82265625 0.05625 0.0609375
0 0.54921875 0.87734375 0.0546875 0.084375
0 0.55234375 0.94140625 0.065625 0.090625
0 0.5921875 0.534375 0.05 0.05625
0 0.584375 0.58203125 0.0484375 0.0625
0 0.621875 0.4859375 0.059375 0.0640625
0 0.62265625 0.53671875 0.053125 0.059375
0 0.609375 0.5890625 0.0578125 0.0546875
0 0.634375 0.60390625 0.053125 0.0734375