0 0.46953125 0.54296875 0.059375 0.0671875
0 0.24453125 0.71015625 0.0640625 0.1515625
0 0.30703125 0.73203125 0.0390625 0.08125
0 0.27578125 0.746875 0.0546875 0.128125
0 0.384375 0.57734375 0.034375 0.0390625
0 0.35859375 0.62578125 0.0359375 0.065625
0 0.35078125 0.5171875 0.05625 0.0640625
0 0.20078125 0.48203125 0.0578125 0.084375
0 0.2578125 0.47890625 0.0765625 0.1078125
0 0.2921875 0.64609375 0.0484375 0.0828125
0 0.3140625 0.67109375 0.03125 0.06875
0 0.284375 0.57421875 0.0515625 0.08125
0 0.33125 0.5703125 0.0421875 0.0796875
0 0.32265625 0.64296875 0.0296875 0.0796875