0 0.4515625 0.06015625 0.06875 0.08125
0 0.45859375 0.1625 0.05 0.1046875
0 0.4203125 0.16171875 0.0546875 0.1015625
0 0.40078125 0.28671875 0.053125 0.078125
0 0.3796875 0.31953125 0.0546875 0.075
0 0.38046875 0.375 0.0671875 0.0859375
0 0.41640625 0.36875 0.059375 0.065625
0 0.41796875 0.40859375 0.075 0.0859375
0 0.5640625 0.4015625 0.0578125 0.0734375
0 0.540625 0.60390625 0.0671875 0.0796875
0 0.490625 0.4859375 0.05 0.0984375
0 0.45078125 0.515625 0.05625 0.0609375
0 0.421875 0.53515625 0.0671875 0.0609375
0 0.38515625 0.465625 0.075 0.0625
0 0.37265625 0.54140625 0.0578125 0.05625
0 0.359375 0.58828125 0.065625 0.065625
0 0.3421875 0.71796875 0.0546875 0.0515625
0 0.278125 0.765625 0.05 0.0875
0 0.4109375 0.7546875 0.059375 0.0609375
0 0.4078125 0.86328125 0.04375 0.0828125
0 0.346875 0.50859375 0.053125 0.0921875