0 0.3390625 0.31640625 0.0640625 0.10625
0 0.43203125 0.2703125 0.071875 0.1015625
0 0.46640625 0.26015625 0.04375 0.10625
0 0.4953125 0.26328125 0.05625 0.1203125
0 0.4953125 0.35234375 0.0546875 0.096875
0 0.55546875 0.4265625 0.059375 0.0625
0 0.58359375 0.34453125 0.065625 0.0546875
0 0.57109375 0.271875 0.0625 0.096875
0 0.59765625 0.26015625 0.05625 0.0921875
0 0.59375 0.2046875 0.059375 0.103125
0 0.62890625 0.36953125 0.0453125 0.0484375
0 0.65546875 0.471875 0.0390625 0.040625
0 0.62734375 0.4375 0.0484375 0.0984375
0 0.55703125 0.5015625 0.0640625 0.05625
0 0.57265625 0.546875 0.05 0.059375
0 0.6078125 0.53203125 0.05 0.0765625
0 0.590625 0.66328125 0.0734375 0.075
0 0.6171875 0.596875 0.05625 0.034375
0 0.659375 0.57109375 0.059375 0.0890625
0 0.67734375 0.65390625 0.0609375 0.075
0 0.67890625 0.73125 0.0546875 0.0734375
0 0.7078125 0.8 0.0625 0.078125
0 0.71640625 0.8890625 0.0765625 0.1125