0 0.07734375 0.63125 0.071875 0.05546875
0 0.1765625 0.6046875 0.09921875 0.03203125
0 0.1828125 0.64296875 0.09609375 0.03828125
0 0.309375 0.63828125 0.07109375 0.03984375
0 0.34609375 0.65234375 0.06796875 0.0421875
0 0.4 0.64140625 0.0765625 0.053125
0 0.38671875 0.60703125 0.0578125 0.05
0 0.42578125 0.59765625 0.07578125 0.06171875
0 0.39140625 0.45546875 0.06484375 0.04765625
0 0.59453125 0.43984375 0.0703125 0.0546875
0 0.48828125 0.51171875 0.09453125 0.0328125
0 0.525 0.5453125 0.053125 0.04609375
0 0.54921875 0.5703125 0.0515625 0.0578125
0 0.48828125 0.61953125 0.05 0.0671875
0 0.56484375 0.6171875 0.04609375 0.05
0 0.61328125 0.62109375 0.05546875 0.05625
0 0.74375 0.61328125 0.04375 0.046875
0 0.803125 0.6671875 0.0828125 0.03515625
0 0.7671875 0.5390625 0.05390625 0.05078125
0 0.87421875 0.52109375 0.078125 0.0296875
0 0.5375 0.6484375 0.0859375 0.03671875