0 0.80703125 0.2 0.1078125 0.0578125
0 0.50703125 0.61953125 0.0609375 0.05625
0 0.55625 0.63046875 0.0484375 0.0359375
0 0.57578125 0.6625 0.084375 0.0296875
0 0.565625 0.68125 0.0921875 0.0359375
0 0.49375 0.68515625 0.075 0.0484375
0 0.4828125 0.71015625 0.071875 0.046875
0 0.45546875 0.77578125 0.075 0.0640625
0 0.50625 0.7484375 0.0921875 0.0328125
0 0.5515625 0.721875 0.0921875 0.034375
0 0.575 0.7015625 0.0875 0.034375
0 0.66171875 0.696875 0.0640625 0.03125
0 0.6171875 0.71484375 0.071875 0.0359375
0 0.66796875 0.74453125 0.1296875 0.0625
0 0.61484375 0.78046875 0.125 0.08125
0 0.7703125 0.76171875 0.084375 0.0765625
0 0.5328125 0.7734375 0.115625 0.0546875
0 0.4546875 0.95390625 0.178125 0.0921875