0 0.51796875 0.31796875 0.09921875 0.06640625
0 0.67734375 0.41953125 0.1171875 0.0375
0 0.821875 0.41796875 0.07734375 0.05
0 0.625 0.5359375 0.05546875 0.04921875
0 0.68359375 0.5671875 0.0765625 0.04609375
0 0.36015625 0.565625 0.07421875 0.05625
0 0.390625 0.5328125 0.053125 0.0515625
0 0.73984375 0.6671875 0.096875 0.02734375
0 0.74375 0.615625 0.05703125 0.04140625
0 0.0859375 0.6296875 0.0640625 0.0484375
0 0.13828125 0.63203125 0.05078125 0.04453125
0 0.18671875 0.6375 0.06171875 0.053125
0 0.23984375 0.6109375 0.06640625 0.04921875
0 0.309375 0.59921875 0.05703125 0.05546875
0 0.446875 0.6015625 0.0484375 0.04921875
0 0.55234375 0.5703125 0.05546875 0.0484375
0 0.496875 0.57109375 0.04453125 0.05
0 0.471875 0.5234375 0.09609375 0.02109375
0 0.446875 0.54609375 0.05 0.04765625
0 0.43125 0.66171875 0.0734375 0.034375
0 0.52109375 0.615625 0.07109375 0.03671875
0 0.36328125 0.6484375 0.06171875 0.03671875
0 0.6015625 0.64296875 0.09453125 0.0390625
0 0.553125 0.475 0.04609375 0.053125
0 0.56875 0.52421875 0.08984375 0.0421875
0 0.5390625 0.653125 0.0484375 0.034375
0 0.43671875 0.63046875 0.053125 0.0328125
0 0.0625 0.65859375 0.0765625 0.0328125