0 0.57578125 0.44453125 0.10859375 0.04296875
0 0.39765625 0.51875 0.075 0.0578125
0 0.64609375 0.47734375 0.10703125 0.0578125
0 0.78046875 0.5859375 0.0640625 0.05390625
0 0.69453125 0.584375 0.10625 0.0625
0 0.50703125 0.51484375 0.09375 0.0296875
0 0.22890625 0.61875 0.06484375 0.0578125
0 0.06875 0.6375 0.09921875 0.04765625
0 0.35390625 0.5609375 0.10625 0.02734375
0 0.43046875 0.571875 0.0859375 0.0296875
0 0.55703125 0.5703125 0.0546875 0.0515625
0 0.65859375 0.5359375 0.0515625 0.03359375
0 0.6125 0.61953125 0.08671875 0.0453125
0 0.62890625 0.659375 0.06171875 0.02109375
0 0.37265625 0.61328125 0.05234375 0.0484375
0 0.42890625 0.60390625 0.084375 0.0359375
0 0.39140625 0.6390625 0.09296875 0.03828125
0 0.4203125 0.66796875 0.121875 0.01640625
0 0.4640625 0.640625 0.065625 0.05078125
0 0.5140625 0.6578125 0.08515625 0.01875
0 0.9375 0.21640625 0.07109375 0.07109375
0 0.83515625 0.31328125 0.05625 0.0625
0 0.821875 0.13203125 0.06171875 0.0390625