0 0.68828125 0.78515625 0.11171875 0.0359375
0 0.48359375 0.59375 0.07265625 0.06484375
0 0.5265625 0.61640625 0.0703125 0.03671875
0 0.53984375 0.653125 0.053125 0.02109375
0 0.45078125 0.7390625 0.09765625 0.0328125
0 0.5359375 0.7609375 0.06171875 0.0328125
0 0.578125 0.7421875 0.09765625 0.0296875
0 0.81796875 0.69453125 0.053125 0.0296875
0 0.6125 0.725 0.0515625 0.03359375
0 0.665625 0.71875 0.09921875 0.03125
0 0.6703125 0.73984375 0.1265625 0.03359375
0 0.53984375 0.721875 0.1125 0.02890625
0 0.55390625 0.7109375 0.1140625 0.02265625