0 0.72734375 0.2546875 0.0828125 0.0578125
0 0.9671875 0.403125 0.0640625 0.0484375
0 0.81953125 0.4828125 0.0828125 0.0515625
0 0.84609375 0.58359375 0.0921875 0.059375
0 0.69765625 0.45234375 0.05 0.0453125
0 0.703125 0.503125 0.0671875 0.0421875
0 0.609375 0.48671875 0.09375 0.0359375
0 0.56640625 0.46484375 0.08125 0.0359375
0 0.65 0.51875 0.08125 0.0203125
0 0.57109375 0.51484375 0.05625 0.0171875
0 0.571875 0.5421875 0.084375 0.03125
0 0.734375 0.609375 0.0421875 0.0421875
0 0.63828125 0.60703125 0.065625 0.0421875
0 0.55859375 0.58515625 0.053125 0.0453125
0 0.60234375 0.609375 0.0578125 0.0484375
0 0.575 0.6421875 0.0421875 0.0421875
0 0.6578125 0.63984375 0.05 0.0234375
0 0.32890625 0.5578125 0.078125 0.0546875
0 0.42734375 0.6015625 0.0796875 0.0328125
0 0.36640625 0.61953125 0.0484375 0.0453125
0 0.25 0.584375 0.05 0.05
0 0.42890625 0.6484375 0.075 0.034375
0 0.371875 0.65390625 0.053125 0.0296875
0 0.2484375 0.6375 0.0609375 0.0421875
0 0.1984375 0.64140625 0.059375 0.046875
0 0.15546875 0.646875 0.0484375 0.0484375
0 0.0859375 0.6421875 0.059375 0.0421875